8.514400
6.414600
4.132800
6.636600
1.724300
8.662900
0.079600
0.893000
6.174300
0.136500
9.456000
5.681500
2.148600
14.938800
4.042200
4.069100
0.517900
10.875000
15.468200
0.279700
2.516600
0.186300
15.199300
14.736200
2.753500
0.055200
0.386900
1.739500
1.244700
4.772500
4.583200
1.803200
0.733300
2.687000
0.705900
0.638000
0.496100
1.517100
7.153000
1.132300
22.278900
20.855400
3.327100
0.552600
12.907400
13.640300
3.234700
2.587200
11.168000
10.587500
4.710700
13.773000
0.314900
8.893800
5.541700
4.132700
8.041100
9.937700
4.222000
0.562700
0.560800
3.356700
2.449100
7.430400
8.148000
4.132500
4.859900
6.501900
7.383100
8.897700
3.558000
1.028600
5.876600
8.121800
4.706900
13.693100
0.173400
5.151800
6.590800
7.776200
9.624400
10.545800
2.974600
7.922000
3.422000
1.066700
1.777900
0.670700
2.088500
3.952700
0.361400
3.954000
1.350300
2.299100
2.045600
0.307300
0.014900
0.075300
0.941900
0.442300
2.202800
0.136300
0.821100
9.715900
16.061100
2.980500
3.652300
1.070000
0.294400
0.837800
0.004100
8.123300
0.978600
0.730000
1.638200
1.228800
6.866100
5.966600
2.334100
6.906600
3.165600
5.290500
1.278200
2.496900
1.532300
1.736100
5.813800
3.843600
2.583200
1.340300
2.761900
1.553400
2.832400
9.724800
12.288500
3.375500
2.019100
0.706700
0.335300
12.399400
1.955000
2.335600
3.500500
4.766700
7.651100
6.355400
4.630000
6.106100
2.185400
6.067200
0.705700
12.521700
0.715700
0.374600
8.414400
1.148300
2.768900
3.888100
0.030200
0.839700
0.816900
2.765600
2.020200
2.022400
5.523000
2.672200
0.353600
1.559800
0.768200
0.197700
1.483300
1.775400
0.911600
2.278100
0.343800
1.060600
1.094200
1.361000
0.400700
0.343200
1.789000
13.551500
11.239100
0.721200
13.465100
7.785700
4.648900
1.891300
2.437800
0.853600
2.991200
6.185300
6.729100
9.475600
3.715700
13.454100
5.332700
1.688000
6.231100
5.409100
10.392600
5.587400
1.929400
16.170600
9.929100
2.705200
5.329800
0.597200
0.840700
10.860700
6.313300
6.352200
5.891400
10.004800
10.987400
8.346900
0.543900
12.776600
13.311900
0.006600
4.724800
0.383400
2.887200
0.446700
0.694700
0.817200
6.942300
5.120200
0.349800
1.702600
0.354400
1.575500
9.333900
2.520300
4.508000
0.191800
11.112000
6.578600
7.663000
4.069400
5.460800
1.800500
4.724200
1.691500
5.371000
5.716600
0.372400
2.609500
0.380000
5.642100
5.399400
1.857800
0.534500
2.946600
10.381900
3.557900
2.271100
2.183300
5.482100
0.807200
0.202700
0.472900
3.682600
2.170900
3.016900
1.034000
1.888900
6.280900
1.459700
1.767100
1.993300
1.009000
1.625600
6.622000
5.352300
1.339900
1.567400
1.716600
3.525800
0.601100
1.068300
1.123800
1.439000
3.406600
3.211900
2.275800
10.887400
1.223100
1.576600
0.523300
3.032600
0.553000
2.151500
0.097300
0.278900
0.590200
3.748300
0.972000
4.151900
3.398100
1.683000
1.332500
3.832000
2.531200
0.197700
2.973700
1.772700
5.891200
1.745200
0.346300
3.382900
1.463900
10.907300
1.623300
2.647300
1.163100
0.012300
0.152800
0.281700
0.734200
10.994800
3.250900
4.402700
2.325100
5.705600
0.121800
10.923900
0.109000
7.699700
1.715400
9.231900
0.484100
19.221000
0.835700
8.276000
2.450700
3.019100
3.154900
0.445800
5.677300
7.365300
0.152300
0.441100
0.259300
0.013600
0.575600
4.172500
3.217400
2.615500
1.898500
0.896900
1.698000
0.528800
9.392200
6.254600
7.296500
4.042400
7.684500
0.262500
1.288800
6.416800
6.305600
5.834100
0.662100
2.174200
1.389300
1.446700
3.793700
1.974700
0.076800
5.637700
3.929400
3.141000
0.222600
1.389500
7.314300
3.594100
8.092400
0.327400
0.373500
7.326000
9.687500
4.165700
3.186500
5.529000
0.739200
4.732200
3.451100
6.475900
4.655900
3.306100
1.993700
4.560400
1.414700
2.927400
7.667900
3.528000
1.515000
4.175000
5.917700
0.759700
3.920100
1.694700
1.346100
0.738400
0.585500
5.646300
2.421900
6.995500
7.875400
1.395700
0.083400
9.581300
3.085800
11.782900
4.258000
1.304200
8.166100
0.926800
9.203900
1.640000
2.577000
1.815700
0.414200
5.457700
3.486700
6.195300
1.051800
6.510700
0.759400
1.694900
0.137900
2.402400
8.543600
0.677800
1.584200
1.482800
1.872500
3.458400
0.383600
5.289600
1.615200
2.469700
3.371400
4.791900
3.251100
3.495600
1.045100
0.783900
0.170900
0.911600
7.826400
1.602700
8.091200
2.581100
0.347100
0.100400
1.325100
0.767400
6.529300
0.901000
0.266600
0.298900
6.118400
0.948500
4.090100
4.283000
12.212200
0.971500
3.535300
0.474200
3.596700
0.610600
0.099200
2.916000
2.752200
3.190900
0.267500
3.464600
4.963300
4.884800
1.248700
5.431800
6.693200
0.417400
5.085500
0.977500
0.363600
9.478100
1.396500
2.821500
0.063800
0.320900
0.095300
5.395100
0.184800
2.234000
1.022400
1.529000
3.788300
4.638900
0.440900
4.199500
6.694300
6.119100
2.101400
0.320200
1.251000
0.784800
1.400000
2.478600
2.307100
3.382900
0.981900
0.218000
0.276700
0.961600
3.579800
0.582500
0.867000
5.134900
1.021700
5.810000
0.936100
0.760300
0.052400
2.653100
1.764300
0.977500
0.160800
0.065000
3.231900
1.586300
0.530700
0.262800
0.216600
0.165600
1.155900
0.427500
1.066200
0.266600
5.941000
4.086400
0.166800
7.658900
0.466600
0.687900
0.401400
5.309500
0.533400
0.401600
3.654200
2.454200
0.975600
3.850600
0.444500
2.895600
5.395800
2.417900
0.475300
0.972600
3.919100
2.854200
11.122300
1.780400
2.518800
1.643800
0.314200
1.174100
0.584200
4.417000
2.303600
8.370700
1.230400
0.046000
0.845900
0.610200
13.322400
1.549500
0.708000
2.659600
1.507500
0.372600
5.187400
9.602500
3.081800
0.845500
4.004000
0.345100
11.229500
5.038000
7.057000
0.620600
0.458600
2.572000
0.583100
0.020400
0.141700
0.403800
0.341800
2.139300
0.525100
5.082600
1.080500
0.407300
0.097500
1.075500
1.798300
1.033600
2.919000
0.793200
7.093900
0.016500
2.451400
0.320400
0.110200
0.262500
0.095900
0.108000
0.245000
2.696000
0.677000
2.143900
1.852900
0.272300
0.981700
0.810100
0.555000
0.039900
0.004200
0.423700
2.738500
2.346200
1.133900
0.000700
0.101600
0.739300
4.912100
0.830100
1.390200
1.734800
2.422800
1.590300
0.223500
1.512300
1.715000
1.712500
0.548300
2.669300
4.626900
1.431800
1.836900
0.933700
3.900400
0.243600
0.510800
3.490800
3.311300
1.072500
0.576900
4.443900
1.481700
0.919000
1.022400
0.511600
1.280100
0.104000
1.801100
2.782700
0.187600
4.485100
2.186100
1.016000
0.857800
5.931600
0.948000
4.237500
0.242000
0.259100
0.609800
0.639200
0.549100
1.478600
0.597500
0.285800
0.296400
0.011500
2.308000
1.107800
0.071400
4.551800
3.103700
2.989100
0.630700
3.315700
0.289500
2.135500
4.858800
3.179900
1.349600
0.022400
1.018800
0.066700
0.449400
1.670300
1.980600
3.464800
1.055100
1.200200
2.881600
1.632600
2.400300
0.923500
1.599800
1.845600
0.979200
0.517400
2.003400
2.121700
0.571300
0.775100
0.147100
1.097200
2.440500
1.159200
1.827900
0.048900
1.116000
5.063300
7.748200
4.221000
0.236900
0.400300
0.528500
0.659900
1.850400
0.370500
0.050000
0.463400
0.276800
2.220800
1.297800
2.774100
3.874200
3.425500
3.851100
0.642200
4.593500
1.190500
1.137900
0.030700
0.403000
0.222900
0.804700
0.442200
2.603900
3.118200
0.277800
0.547100
0.029200
0.948900
0.194800
0.007400
0.658400
2.423700
0.656500
1.838600
0.898700
1.736800
1.104900
1.647400
0.088700
0.311600
0.797500
6.264000
1.287000
0.011200
1.065900
0.545000
1.459600
0.404800
0.121500
1.349300
2.936500
0.356300
1.678500
1.111700
1.227500
0.412000
0.887500
0.169800
0.310500
0.499300
0.478100
0.686400
0.614400
0.157400
1.231300
0.361800
0.318100
0.515600
0.856400
0.172200
0.112100
0.194300
1.143100
0.528400
4.572600
4.828300
1.028600
2.197000
1.943600
0.443300
0.324100
0.005600
3.318600
2.253300
0.103100
0.065500
0.783900
1.750700
3.272600
0.313500
3.805800
0.987100
1.342800
0.017800
0.827800
0.489400
0.120400
1.545100
0.118700
1.439200
1.281600
0.430000
0.909500
1.158500
2.914700
0.160800
2.935300
0.019900
0.065800
0.317700
1.187500
0.618200
0.121600
3.793300
3.096500
5.332800
0.222200
1.983900
0.100200
2.742300
0.396000
0.867800
0.698800
0.297400
0.165600
4.360300
3.620200
2.036100
0.034400
0.493500
0.379700
0.492200
0.001700
0.355600
1.647900
2.802100
4.073800
0.557200
0.152500
0.011800
0.472400
1.575100
0.038100
0.528200
1.490100
0.513200
1.301900
0.959000
0.132300
0.524000
3.037000
3.695600
4.833100
0.465800
2.553800
0.059300
5.082900
4.562600
1.774000
0.011100
2.927300
1.392700
5.635800
0.420000
0.085400
0.196200
1.047900
0.066500
1.841300
0.667900
2.339300
1.017800
0.313800
0.989700
6.487900
0.038400
0.722100
0.354700
2.389400
0.013500
1.189800
0.789800
0.460200
0.672400
0.339700
0.457200
0.374600
0.644000
1.658600
0.903800
1.905000
0.777100
0.125400
0.680300
0.729500
0.055900
0.408800
0.627000
2.171500
0.060500
0.046800
0.737400
0.432900
0.467600
0.431000
0.127700
2.331300
0.339800
2.288100
0.052400
0.730200
1.306000
0.700300
0.520200
0.070800
0.255300
2.396500
0.307000
0.456100
3.865400
2.618700
0.257200
0.477100
3.000900
3.221600
0.310800
0.820700
0.363100
2.233000
0.919500
0.414900
1.047900
0.752600
0.570400
1.988900
0.096500
0.121800
0.123100
0.022900
0.015000
0.203300
0.542900
4.431400
0.004800
0.497400
0.896600
1.266100
2.045500
0.622500
1.797000
0.335400
0.238000
1.477700
1.813200
1.287100
0.276700
2.575500
0.041400
1.201600
0.707700
0.648700
3.491700
0.263600
0.129200
0.176300
0.562300
0.119400
2.826400
0.131500
1.848000
2.205200
2.914100
0.013000
1.489000
0.468400
2.624200
1.211800
0.036900
0.094400
0.562500
0.525200
0.160100
0.860100
0.367700
0.086000
0.352000
0.597700
0.069300
0.524700
0.327500
0.581500
0.125600
0.946100
0.199000
0.426100
0.060000
0.842400
0.836000
2.606400
0.037000
2.615300
2.306000
1.049800
0.762200
1.000400
3.495700
0.684900
0.584200
0.686600
1.952800
0.119800
0.831300
0.358900
0.609700
0.503000
0.416300
3.560800
1.068900
0.035000
2.054200
0.390100
0.005600
0.659300
0.226400
0.612400
0.098000
0.326200
0.449600
2.287100
0.930600
0.023800
1.405400
0.698500
5.045600
1.387800
0.366900
0.719700
0.090900
0.098500
1.607800
0.691500
0.234000
0.583400
0.427100
3.213600
0.719100
0.139800
0.172200
0.332600
0.376800
1.315000
0.040200
0.253700
0.926000
0.335200
0.412900
0.300600
0.055100
0.152900
0.222900
0.042700
0.613600
0.379600
0.442500
3.114700
0.374500
0.538100
0.075800
0.038700
0.216900
0.291900
3.930300
0.692700
0.108300
0.001500
0.079600
0.632400
0.501200
0.920600
0.432300
0.247200
0.436200
0.034900
0.561800
0.650100
0.166600
0.034700
0.088200
0.158700
0.024900
0.003900
0.009200
0.148100
0.366100
0.100300
0.116400
0.667700
0.257000
0.168700
0.472300
