4.777622
7.578212
4.404341
8.397902
3.808107
7.303560
11.356023
0.034482
2.368953
6.646716
7.016082
5.338397
3.134941
12.196070
3.204652
2.523017
1.053249
7.375101
5.405987
4.695215
13.324325
4.309784
22.123922
9.025569
7.106292
0.263005
1.742733
2.552383
2.240451
3.052378
3.395841
0.393148
0.719010
4.661316
0.071656
0.034580
0.072497
4.746832
8.054215
4.281739
9.661267
3.665883
0.418547
7.554163
3.166979
11.869908
2.451953
3.041130
12.781698
4.743445
10.164926
9.545992
0.037658
6.634591
2.934685
17.535532
12.344030
1.505631
5.593217
0.619244
2.217622
3.430246
0.258377
0.057988
6.117424
0.569138
5.004752
0.631095
11.159767
7.778404
5.267348
14.605448
7.003386
11.395391
4.390428
11.255591
0.108137
0.091449
1.928199
0.578053
0.504667
10.866347
0.469036
0.701582
9.307951
4.360983
2.333410
6.162992
4.188068
4.675893
3.441550
6.410169
7.139640
6.664472
0.584626
0.771373
0.244806
1.933391
1.552364
0.579666
3.488130
1.346140
1.583765
1.597675
17.054441
8.733709
6.378181
1.194881
0.619868
0.284299
0.204498
0.427649
2.412665
1.664369
5.178642
12.045886
2.959329
5.164688
3.629098
2.497055
4.286098
6.983562
1.724147
2.099772
0.579517
0.718622
1.386187
16.565048
4.038682
3.909348
4.155325
1.535458
1.576115
5.334846
14.390747
5.526389
1.638340
0.769371
0.746017
1.394318
2.635787
1.525748
3.170822
2.993326
3.715707
6.082982
10.528861
5.089016
4.217476
4.584086
0.002721
9.107269
4.676547
1.071428
2.740762
0.863576
3.022357
5.186460
0.742704
0.939821
2.216550
1.035900
2.627763
1.685603
4.705013
2.358816
0.775695
0.499497
2.515914
0.722139
0.098566
0.814589
0.181627
0.707215
0.260007
7.722016
0.265810
1.327346
1.017536
0.620681
0.165848
9.853076
1.623249
1.021771
10.964396
2.354778
4.978946
0.643461
0.136086
1.193641
5.093217
2.772130
3.324066
3.016686
2.562411
21.407751
1.315063
10.801796
8.902978
13.014569
8.129599
3.735541
4.834866
11.018140
9.315571
3.458830
4.381036
3.055918
2.087267
0.304511
0.366653
4.957290
10.231124
2.664068
9.283381
6.145102
3.467091
4.279565
14.423164
0.221539
4.632282
2.958213
0.181484
1.826450
0.770454
1.085894
5.808300
2.874197
0.787621
1.697814
5.071039
0.010616
4.112449
3.119694
4.967876
1.064843
7.504765
5.056424
1.930425
3.086604
3.754603
2.059990
11.176743
4.616834
1.612575
4.183372
0.300837
5.139762
0.167872
3.765047
6.862845
2.703831
0.003062
5.599114
7.810310
4.492251
0.999161
1.579982
5.690975
2.067997
0.024156
2.304853
5.167006
0.305622
3.496965
0.911483
3.801037
3.148435
11.112533
5.000103
1.433816
1.362265
1.330802
6.014467
4.182635
5.938433
2.905005
2.189538
4.928867
1.867812
0.036943
1.394561
1.824317
0.018083
1.347729
0.044700
1.929936
0.567464
0.646122
0.480369
2.460324
0.029807
4.595881
0.016242
0.965892
1.688421
5.641565
1.035538
17.262970
2.934658
0.985186
1.367789
2.738207
0.805700
6.128794
3.721763
0.037809
7.171001
0.612582
0.531123
2.667973
5.189331
2.552930
7.790074
2.164217
12.356887
1.566229
0.346539
0.699073
0.021305
9.393650
2.951270
4.491594
7.141807
0.453200
1.169422
5.846731
4.273940
5.981612
4.437575
0.159140
5.833204
9.600703
5.693540
3.154356
6.195168
6.226555
4.485525
14.759225
4.499042
11.690544
0.636320
0.838630
2.501020
0.992786
3.946259
3.112682
3.175926
1.188011
3.240010
1.504044
0.905769
3.550884
12.458086
16.110491
4.813561
2.262212
5.531401
0.271680
0.150927
2.521803
2.144012
5.402810
3.818996
0.741074
1.572504
9.455531
5.561222
1.299318
1.750081
3.728670
5.466794
2.488135
0.396273
0.152738
1.308877
1.904517
13.111785
0.433838
2.908991
11.646181
0.159148
2.917353
11.779395
7.950437
0.242783
6.454878
3.394668
14.066405
7.968410
4.433804
7.327048
1.123776
1.423511
0.403498
16.297859
0.325621
2.172295
1.777188
1.298562
9.613569
3.458486
1.611887
1.643627
0.125139
1.526427
3.602979
5.462211
8.552838
8.598598
1.719033
1.817967
3.010951
3.140490
4.838268
2.139391
2.083068
3.018867
0.471405
2.751532
0.406314
3.658223
0.771098
0.120173
3.438368
3.539432
7.533355
1.350561
14.105225
4.498450
6.980673
2.002218
2.610345
17.448816
1.205262
0.467875
0.174477
0.963860
0.677248
0.419832
4.343420
1.583346
1.664894
2.509192
2.716749
2.388062
7.623417
1.967929
0.768200
1.044552
0.946191
0.416600
1.836669
18.125444
0.658903
3.283123
0.552344
5.581911
4.163841
9.850884
1.302370
1.811126
0.114347
5.082684
1.851367
8.137746
0.669635
11.247293
0.657296
6.770275
0.546827
0.109850
0.637040
1.096793
0.201844
3.057663
4.551642
0.487827
0.249184
0.439213
2.706678
2.193600
1.340263
1.817603
5.453912
0.263107
4.976053
0.075167
1.132878
2.440764
3.116485
0.333695
0.045431
0.083688
3.642102
0.049676
1.286791
0.943417
0.360528
1.745634
4.863920
0.060156
0.317891
6.888840
4.399158
3.206043
2.938192
1.760373
0.905340
3.269936
0.150141
5.013063
2.577076
0.016588
2.114519
0.127011
2.039881
6.286263
0.443738
0.841843
3.061694
0.285761
5.761631
0.842751
0.382259
0.599341
1.091137
0.161360
2.536476
0.206886
0.324151
1.235295
1.791705
0.830088
0.029490
0.560576
0.890271
0.886603
0.518413
0.088317
2.361767
3.990759
3.540798
0.957956
8.084606
0.106852
0.281518
0.644898
5.806277
0.016062
1.220587
6.942673
3.676295
2.784669
4.942074
0.220539
0.869160
0.724178
0.814667
0.419968
1.170826
0.409026
0.865467
3.985281
5.328655
2.089406
1.482279
7.349510
0.857306
1.019717
7.756082
3.403258
4.948819
1.265797
0.016522
0.255712
0.900812
20.916798
0.661139
0.703285
1.233011
1.585418
0.103821
5.991443
1.373031
1.794481
1.877356
11.338010
0.128014
11.069743
6.075311
4.601865
0.514977
5.421463
3.319569
2.457821
1.581716
6.703684
4.130590
2.601177
0.544783
3.255128
1.129081
0.909875
0.487380
3.028142
0.115594
1.284794
0.477446
5.024329
1.949433
6.730639
0.733737
2.407666
0.499846
0.017215
1.382302
0.046556
0.180631
0.632256
2.036078
1.681683
1.657907
2.657780
1.724594
1.786823
0.384333
0.131160
1.058625
2.065529
0.272559
1.703710
4.456459
2.928382
0.400890
2.068060
0.861785
2.898977
0.576252
0.778839
3.512626
0.915237
0.375870
0.577483
0.666755
2.251773
3.949122
1.000397
4.810948
2.099392
0.468264
0.276242
0.306793
6.222668
0.360940
2.015808
4.651950
0.636625
1.212281
9.634199
0.156734
0.482908
0.786101
0.200221
0.562330
1.568813
0.051577
3.066271
0.083553
0.077462
0.168549
0.370466
0.154649
0.656265
1.873364
0.424046
3.622376
0.297844
0.483419
2.242790
0.188212
0.696901
0.975312
0.055325
0.251493
1.055809
10.623703
2.157086
0.179635
0.183175
2.311372
0.632677
3.460835
1.438009
0.528162
0.389850
0.784884
5.281641
4.342718
0.825577
1.467766
0.010521
1.160815
0.129490
0.706582
3.579068
3.725518
0.221573
4.461361
0.671915
4.690051
1.747402
0.536002
1.274119
3.335508
0.792836
0.599919
0.281837
0.820680
2.231786
1.496090
0.778307
0.668429
5.447683
2.621159
4.009962
1.035959
0.637305
1.748310
10.953433
3.118479
0.416828
0.264714
0.368978
0.159949
2.314929
1.085960
0.604578
0.157370
0.102679
0.507540
0.760511
4.797100
0.268136
1.051477
0.417054
0.116183
0.960957
1.073003
3.371035
0.358736
2.420732
0.320235
0.137568
1.304921
1.286008
4.396639
0.096886
0.033880
0.213048
2.278299
0.343117
0.076933
0.528420
6.554184
1.875203
1.154052
0.805561
3.926008
3.244838
1.168051
1.222214
1.485149
1.372338
7.769413
0.295944
0.692943
0.944557
0.178025
6.799638
0.892134
0.060604
3.618641
4.003326
0.550208
2.837096
1.856964
2.115278
0.179895
1.286789
0.504631
2.056762
1.003154
0.052457
0.769054
1.228893
0.476110
1.295526
1.024478
0.061497
0.132972
2.132704
0.302987
0.214313
0.177449
1.012113
0.691008
0.101867
2.188610
2.610160
1.010933
1.201110
0.690073
1.131247
0.480455
2.127737
0.782974
1.103766
0.222467
0.228018
1.569740
0.528494
1.173992
0.566472
0.274351
0.255754
0.890023
0.720769
0.884380
0.058485
1.379551
0.282746
4.632993
3.670418
0.401995
6.129519
2.301448
1.435753
0.775816
1.953836
0.067582
0.826781
0.873331
0.754671
0.006581
1.794474
3.228584
1.517749
3.010827
0.079780
0.625304
0.611561
3.095592
0.701686
1.940700
0.020525
0.180014
0.147419
1.923604
1.154707
2.654055
0.133946
0.152655
1.784670
0.723146
0.271225
0.065609
1.708515
0.671518
2.188487
1.852350
1.640959
0.044804
0.835373
0.041358
0.153230
0.306219
0.234856
1.198918
0.226942
1.318239
1.005140
0.277958
3.626730
7.266897
5.244187
3.821897
3.743222
1.491638
0.064619
0.490952
3.136271
0.820671
3.359380
3.361125
5.266765
0.054945
0.921133
0.958937
2.403401
0.183908
1.348577
1.374280
0.616997
0.640585
0.144606
2.126216
3.669412
0.119896
1.304968
0.511097
2.761999
0.454053
0.295636
0.593643
0.242284
0.276314
0.013416
0.887875
0.297094
0.787388
0.737382
0.042203
0.645842
0.451718
0.868485
0.971259
0.635031
0.224611
1.596503
0.998909
1.666993
0.458426
0.263965
0.740299
0.175574
0.638514
1.396093
0.414390
1.735317
0.406287
0.340767
1.135191
1.303463
2.730317
0.166497
0.101511
0.111424
0.186652
2.974125
0.506839
1.838003
3.672453
2.000147
0.540753
0.145377
2.699489
2.820703
0.551441
0.579655
0.122447
0.959115
1.681998
0.390375
0.152776
0.179830
0.787270
0.699801
0.389976
0.491639
0.330408
0.573034
0.202203
0.744958
0.127068
2.759167
0.288219
0.894811
1.131762
0.435303
2.354268
0.780580
0.999340
0.357187
0.916959
0.470260
1.634946
1.528473
0.627301
0.205497
0.243217
1.958004
1.170421
0.696429
1.167752
1.093989
0.027918
0.156348
0.398024
0.629230
1.309801
0.848716
0.323472
2.586791
1.579614
0.004621
0.493283
0.284314
1.445738
1.413379
0.137973
0.084994
0.472118
0.135305
0.003252
0.189242
1.043842
0.341875
1.122427
0.020539
0.571915
0.746020
1.434605
1.842154
1.088622
1.229179
0.275196
0.027342
0.056778
0.390528
0.003206
0.941044
0.057936
1.270063
1.495776
1.093354
0.103247
3.548023
0.008860
0.032070
0.578902
0.164871
2.156170
0.223568
1.435342
0.373631
0.772609
0.002010
0.513422
0.585493
1.158837
0.007143
0.702244
0.364930
0.347688
0.814315
0.049866
0.108583
0.416572
0.415081
1.243394
0.466791
0.603185
0.047394
1.712417
1.723311
2.303150
0.138221
5.015515
1.426504
0.077240
0.150115
1.331433
0.348072
0.537636
0.202960
0.514365
0.996362
0.597084
0.006236
0.445807
0.403037
0.008096
0.136197
0.297290
0.695952
0.612994
0.339079
1.095801
1.111578
0.107807
0.159489
0.053561
0.174743
1.082475
0.046690
1.188107
2.817798
0.478427
0.061479
0.048559
0.437484
0.497400
0.152601
2.875518
0.410540
0.037519
0.666830
0.802818
0.573192
0.070400
3.141788
0.066667
0.031795
0.140880
0.020218
0.242185
0.236624
0.058313
0.504106
0.106416
0.532201
0.017178
0.026694
0.760314
0.037827
0.094902
0.036558
0.300323
0.371207
0.009868
0.069620
0.428803
