8.745400
8.583100
1.709400
6.829800
3.968700
5.491000
0.490800
0.471700
1.666700
10.068900
6.235200
4.132300
0.279400
10.741200
1.011900
22.251000
1.139700
7.912000
9.918700
6.333500
23.410800
0.794400
23.845500
9.283700
9.450800
1.635700
11.599700
1.971600
1.950200
3.501500
0.869500
0.353100
1.716300
0.949100
0.106800
0.106200
0.558000
8.911100
8.036200
9.860900
6.095700
23.407100
2.390100
1.088900
18.061000
1.505800
2.849500
2.026200
13.494900
6.036800
2.010500
10.177300
0.059100
5.914300
3.075400
3.356700
13.624300
6.709000
1.472400
0.417600
2.887500
0.671300
1.956200
0.060900
7.482700
5.383500
4.514400
3.319700
12.981900
1.394200
6.522400
5.231900
1.455000
9.017200
5.794100
10.502400
2.647900
1.379300
5.332600
6.651600
4.085200
1.253900
0.543100
6.727000
4.540000
4.201600
1.191500
4.180700
0.560000
1.785600
1.901200
0.726300
9.500500
0.655800
0.015100
1.194900
0.326800
0.006700
0.208900
0.022100
5.807500
0.017500
1.522600
5.971100
12.528300
13.731700
1.527400
1.770000
0.524200
5.282500
0.004900
3.541900
0.364400
0.054600
2.530900
11.489200
0.085700
2.287400
3.893700
5.307100
5.757500
4.466200
0.110300
4.607400
2.908500
0.392100
0.421600
7.499200
1.871100
3.305500
2.059200
6.064400
4.360300
17.759300
17.700100
8.277700
14.944500
0.295200
1.343700
4.127100
2.840200
5.640300
13.305200
0.904300
8.853500
13.499500
5.370300
2.306100
3.635800
2.007700
0.364400
6.933900
2.952700
1.855000
9.304900
1.004500
5.552600
0.763400
0.652300
1.190700
1.416400
6.314400
0.370000
1.927700
3.197100
2.136200
0.618200
6.524700
2.041400
1.920800
0.410300
1.825800
0.866000
2.622400
0.759600
4.042900
2.519300
2.967300
2.700100
1.163700
0.243300
1.696100
5.199800
1.647000
0.349400
6.033900
2.479000
2.009100
3.618200
2.517300
0.624400
3.923900
4.598600
2.152700
1.257000
13.998600
3.936800
2.293500
5.681500
4.267600
14.067800
5.800300
3.010100
4.647500
6.450700
1.450300
0.625800
4.048500
0.021500
6.099700
5.529300
2.678200
1.276700
4.836400
10.359700
3.041500
3.603800
9.800100
10.301000
0.890100
4.010400
2.633200
0.645800
2.907000
0.046100
1.312100
5.226300
2.085900
1.389800
0.161100
0.826700
0.825800
6.123500
2.102100
4.081400
1.261600
11.244900
7.406900
6.632300
6.453100
4.558600
2.026200
8.561100
0.644700
4.998100
4.214400
1.020700
3.305000
0.450500
2.344000
2.420200
4.072700
0.086300
2.435700
4.312800
1.334300
2.379800
2.550300
3.328100
4.595100
0.064600
1.770300
6.016200
2.655000
1.423800
1.013000
8.627500
9.544700
1.327900
6.344700
4.332300
1.876900
0.478800
13.634500
1.943600
5.749000
4.032900
4.760500
0.827300
1.236400
0.063500
11.052500
0.891800
0.997400
0.428000
0.945600
2.521300
1.948100
1.032800
2.334100
0.452000
0.345800
1.828000
0.687100
2.377800
2.963600
2.173400
1.288500
10.305400
4.231400
0.024300
0.476400
1.782200
0.815000
1.117000
2.715800
0.967400
0.988700
0.812900
1.563300
1.417800
2.744200
0.928300
8.241400
1.008200
3.386100
0.638200
0.221900
0.074900
2.375800
5.845800
9.639500
2.843500
3.407700
3.056700
1.068000
1.792800
2.909000
10.809700
2.483700
4.212800
9.332100
25.196600
6.524600
10.595600
6.127000
3.586100
0.490600
1.863700
1.066300
16.002400
0.615500
0.924500
6.248800
0.009500
4.765000
4.194000
1.660400
3.677400
1.132800
5.349600
1.604000
0.166200
16.265400
13.358700
1.955300
2.407200
0.085700
1.948100
0.520700
6.750600
0.939600
6.059800
5.855700
4.397000
1.471200
15.083200
0.138700
3.130600
0.668100
2.303200
0.673000
0.966000
0.717200
1.226700
5.700900
0.759600
8.554100
0.632800
1.630900
11.192700
0.143700
3.863000
12.573900
4.589000
2.225900
5.673800
2.918600
8.913700
0.241000
4.234000
5.110100
1.679700
0.349000
0.347300
6.036000
2.695100
3.303300
5.068400
6.064500
7.192500
0.665500
2.126400
0.781200
1.996800
0.268100
2.811200
3.749200
0.923400
0.524600
3.502000
0.384200
7.272300
2.145400
6.180400
4.765500
0.669000
4.023000
4.538200
4.989300
1.104800
2.774400
0.787100
0.161400
5.802900
2.540400
1.337500
1.751600
1.381500
3.678600
2.696700
4.596600
1.700000
12.280500
2.088000
1.425000
0.087300
0.107000
3.098700
0.985200
5.254000
0.353900
0.307800
0.032900
4.188400
2.704100
2.909300
1.208300
0.161300
1.011400
0.578200
6.681300
1.592500
4.285300
0.202000
4.608000
6.072900
6.601600
0.588400
1.429800
2.258900
2.071200
0.111600
1.100200
1.471400
9.439800
5.208800
10.217600
1.593000
2.529600
4.436100
2.350200
0.688200
1.145600
3.343000
1.697300
0.165600
1.051800
2.449900
5.655600
6.235300
2.432400
12.233600
2.116100
2.431700
4.212000
1.076600
0.419800
7.114100
0.271500
1.157100
0.554300
0.538000
0.130600
7.092800
0.279400
0.961800
1.023300
2.283800
4.532700
3.624700
0.084600
7.698900
8.017100
3.411600
3.523400
3.426900
2.042100
3.348300
2.418600
1.934700
6.389600
3.156700
0.361600
0.548700
0.506500
3.649900
2.079500
0.570400
1.980500
1.139700
1.203000
1.423200
0.593400
0.371200
0.333900
2.063700
0.183800
2.074700
1.478300
0.322800
5.409100
2.198900
0.654600
1.355600
0.277700
0.284600
1.355000
0.879500
0.798000
0.818300
1.490700
7.999200
0.549600
3.587000
3.022000
0.077400
1.324300
5.667500
0.021700
0.376000
12.673700
2.443800
5.060900
5.449600
1.573200
2.380600
0.389300
3.172800
0.333800
2.636200
1.406400
1.848000
1.951900
2.243000
1.556100
2.566000
6.587800
2.947800
1.099700
5.553600
3.310300
7.891400
2.696400
0.736700
0.197300
1.054900
15.314900
0.482800
0.657900
2.009300
0.983900
0.520800
4.559400
2.739900
2.125400
0.731400
7.080300
1.685600
3.051000
1.788500
6.001400
2.800700
5.447900
3.313300
0.126700
0.369700
9.211400
3.382600
1.318800
0.731100
0.603900
6.796700
0.306300
1.035500
0.405200
2.514900
0.620800
0.140000
0.864100
2.765800
5.677700
0.284900
0.164300
0.039800
0.034600
0.338100
0.071100
0.236700
1.066200
0.736800
0.932000
0.842100
2.546700
0.627900
0.289400
0.016200
0.003400
4.669100
0.906600
0.616700
2.140500
4.322100
0.820900
0.011000
0.792700
0.145800
3.005500
0.363900
2.130000
3.758300
2.504700
3.386600
0.267000
0.119500
0.333700
1.747200
1.122900
1.648100
0.439100
0.462600
0.304100
0.229100
2.303800
0.199000
3.127900
0.070400
2.379500
0.739800
8.024300
1.843500
3.343500
2.878300
0.123400
0.957300
0.878000
0.255400
2.080300
0.184200
0.774600
2.407000
0.093500
0.856100
0.228400
1.793800
0.205000
3.173000
1.096400
0.018100
1.086600
0.073100
0.163100
0.405500
1.249000
0.456900
0.224100
4.003100
0.689000
0.550700
0.266400
1.334600
4.111700
0.404600
5.407600
0.270500
1.971500
1.132800
5.396000
0.052300
3.576000
0.615500
2.215100
0.005300
0.930200
2.886300
2.717200
2.150900
0.467500
0.546900
2.410000
5.043800
0.496200
0.051700
1.232300
1.551200
0.952600
0.415900
1.626900
0.799300
1.088200
2.592400
0.369400
1.054000
8.246200
5.533200
1.628500
0.190000
2.374100
2.161400
1.257300
1.170000
0.773600
1.121200
1.293000
1.336000
1.765800
0.437100
0.307300
0.086600
0.455100
3.613800
1.678600
1.795800
1.711200
4.199500
1.350200
1.156500
4.485400
0.099500
0.575800
0.682600
2.904300
1.075200
1.129500
1.291300
3.327900
2.161500
0.039600
0.579600
0.140000
1.890600
0.859400
0.354700
0.655800
6.050100
1.803900
1.275400
0.839400
0.917200
1.545800
1.406800
0.096300
1.639900
0.475100
8.837300
0.526300
0.200800
1.633300
0.004200
6.417600
0.438600
0.889700
1.404500
5.494900
0.535200
1.318800
0.170100
2.302100
0.035400
1.401600
0.767900
0.418300
3.861600
1.358700
3.256100
0.370000
0.180900
0.957400
0.760500
0.636500
1.123100
1.355000
0.025300
0.015500
0.546000
1.282100
0.481200
0.271400
2.017400
0.426800
2.325700
0.180900
0.398700
0.591400
0.527300
3.249700
2.147600
1.505700
1.335600
0.178000
0.142100
0.405500
0.358400
3.796900
1.626900
0.636900
1.895800
1.272800
0.602500
0.199000
1.367300
0.168400
5.137700
0.207700
0.543000
4.933000
2.248200
0.216200
0.367200
1.747100
0.263400
0.042800
0.202800
0.790400
0.078900
1.367500
4.852200
4.189500
0.672300
0.348300
0.512600
0.109000
1.317500
0.504700
2.083000
0.003900
0.107500
0.018200
2.963100
0.688900
2.372900
0.281900
0.479400
1.783900
0.715100
0.178500
0.054400
1.777200
0.912000
3.942100
0.612000
2.001400
0.130700
2.348500
2.998100
0.150400
0.143900
2.195200
1.460800
1.024600
0.159100
2.442100
0.268800
2.860200
1.084800
1.683300
2.035900
0.576000
1.971100
4.464700
1.856100
2.760000
0.136200
2.411800
2.714200
2.157200
0.893000
1.218600
0.786100
0.496700
0.164100
2.170100
0.093400
2.695400
1.066700
0.061300
1.406400
1.756200
0.760600
3.672800
0.779300
3.134900
0.013900
0.515800
0.146300
0.747500
0.027700
0.022100
0.414000
2.507900
0.260300
0.002800
0.854600
0.562900
0.040400
0.330700
0.606100
0.616200
1.573000
0.628200
0.097600
0.692200
0.218100
0.364400
2.324800
2.223100
0.743200
0.679000
0.015800
2.746800
1.638500
0.357700
0.642500
0.168400
5.585300
1.414500
0.314300
0.335200
0.277700
0.146000
0.027200
1.267800
1.513300
2.205500
0.292600
0.234900
0.839400
2.206800
0.005600
0.936900
0.844300
0.408200
0.487600
0.016600
1.046000
0.090900
0.421900
0.226600
0.556800
0.266400
0.134700
0.242900
0.142700
1.245300
0.669700
1.101300
0.018300
0.364600
0.813500
0.853900
0.596200
0.230700
3.035100
1.162500
1.549400
0.195700
0.079900
2.814800
0.012900
0.050100
0.508600
2.321600
0.809900
0.555800
4.873300
1.716700
0.412700
0.159300
0.626800
0.216200
0.428700
1.444000
1.198100
0.352400
3.469500
0.191400
0.450900
0.389000
1.550900
0.528100
1.451700
0.444200
1.558600
0.495700
0.058700
0.008200
0.384700
0.033000
0.536100
1.475900
0.295500
0.334000
1.412100
0.333100
0.793000
0.777100
0.282400
0.016000
0.817700
0.340700
0.425500
1.050000
0.470600
1.000100
5.061300
0.249500
1.732100
2.012900
1.371100
0.356700
1.196300
0.271900
1.937000
0.080300
0.193500
0.660700
0.367300
0.302900
0.727500
0.624900
0.328400
0.436800
1.884000
1.277700
0.012000
0.011600
0.099800
0.411100
0.128500
0.168900
0.251200
0.592500
0.992700
0.180000
0.379400
1.081400
0.555300
0.059900
2.271100
1.417700
0.733400
0.189700
1.166000
0.526900
0.062000
0.004800
0.008300
2.713600
1.011000
1.048600
0.057500
0.686300
0.337000
2.185300
0.074400
0.895900
1.343000
0.281600
0.505100
0.267600
0.073300
0.528000
0.027600
0.007800
0.541700
0.476900
1.476900
2.584700
0.323200
0.694700
0.326100
0.356500
0.477400
0.556800
2.849000
0.079400
0.575800
0.173800
0.052700
0.037400
0.132300
0.473900
0.081600
0.025600
0.038400
0.135300
0.732400
0.034900
0.170800
0.032400
0.013700
0.033000
0.107100
0.128900
0.123600
0.640400
0.506900
0.123500
0.173400
0.625400
0.005300
0.087600
0.207600
