5.813457
1.002224
6.172616
5.437056
2.455872
2.053770
0.564762
3.633564
3.788872
16.228163
5.189785
1.347503
5.500963
7.442469
6.028316
11.093917
1.318417
1.745314
7.280649
6.261177
1.160177
3.943251
20.634903
0.872957
0.329275
0.429597
2.807028
2.027956
2.638576
11.842052
8.037240
1.522708
1.679921
5.083725
0.632494
0.407055
0.319305
13.626727
7.374378
8.565144
12.345999
22.780540
1.395356
4.663732
2.540952
13.211431
2.561214
1.455677
15.081605
10.835998
10.385074
4.615197
0.383846
5.908808
6.327487
3.891702
5.079163
3.789562
0.048791
2.067733
3.422198
4.429239
0.658053
4.998888
0.355584
1.435539
3.622924
2.744450
12.788973
3.411305
3.282352
5.911705
8.104863
0.532623
0.890172
17.017809
2.904464
0.974184
3.521154
6.736505
10.326697
9.067622
2.585575
0.030099
5.845747
3.079038
1.297888
5.520755
2.517882
4.139527
4.162251
2.524172
9.576995
8.323531
2.162212
0.440800
0.164261
2.579101
2.771054
0.376257
6.954607
0.340913
2.327964
5.350730
23.204832
6.606588
5.981076
2.639389
0.322946
2.357496
0.018551
2.216712
3.102252
0.277007
4.484868
9.476828
3.972336
3.687622
1.802717
5.352833
3.899385
0.013398
1.069313
1.855799
5.185399
0.014557
1.464711
18.392263
0.865911
4.830486
3.062247
5.407742
0.776763
1.927593
13.523729
7.130965
6.260289
1.537966
0.476448
18.494947
0.109754
8.941195
13.373972
0.346834
3.375689
3.621162
3.897144
4.798727
4.528333
5.056442
0.943860
2.489528
1.526920
0.451322
0.465836
2.279307
3.035872
2.845031
0.388451
0.283754
0.193911
7.289771
2.356244
0.752866
2.118274
0.429678
2.009495
0.588867
0.146931
2.129086
0.574559
2.086163
0.797674
2.415242
0.508736
6.416986
1.364612
2.630945
0.845374
1.038818
1.051074
3.118388
15.291391
2.541533
4.938643
4.798658
2.788453
4.397900
8.465253
2.935943
4.603383
1.618218
12.077523
5.664938
1.582941
8.833390
1.508201
10.248416
5.281368
10.692907
9.579433
5.529229
5.654360
16.812010
11.483241
2.572659
4.273460
2.589659
1.368339
1.178417
0.014072
1.013917
4.489079
8.786263
3.236106
4.330540
3.795702
11.160824
1.036249
1.380208
3.750193
3.370883
0.811935
0.465940
0.158177
0.486000
7.716339
3.231292
1.201859
1.685843
7.239462
0.339719
21.026926
0.658847
1.438446
0.489973
3.040023
6.897092
5.706695
0.387113
6.843657
2.278657
4.054533
3.356949
2.563345
2.048895
0.397284
0.698930
0.026959
2.780189
0.174116
1.624146
0.349206
4.113098
6.651468
0.081749
7.052568
0.358862
3.567627
0.191153
0.314031
1.349411
4.413814
3.120517
0.678052
0.195089
5.849815
9.463466
2.510366
1.794953
12.510341
1.011452
1.595584
2.634022
4.860938
1.225966
0.441323
0.010557
3.383388
2.085012
1.091764
9.655529
1.072653
9.203733
3.473103
2.607632
3.818266
0.189474
6.194645
1.674921
2.773711
0.165289
6.932394
0.273608
0.513221
0.125451
2.214930
0.833127
15.245349
3.286692
1.301646
0.077194
10.656940
0.194486
2.203054
5.541317
1.884173
8.675096
0.615818
1.780316
0.899608
1.431809
1.408197
1.046479
2.153668
9.553866
1.268094
0.046652
0.010668
1.500375
7.928966
3.173313
0.259039
4.634446
6.039739
0.044989
4.623666
0.249632
6.554220
2.915245
8.311133
12.172229
9.525446
6.462187
7.926141
1.253181
3.333543
1.438602
6.366618
4.810395
1.205708
0.213745
0.347221
5.600987
0.840241
3.870131
1.990665
0.924698
0.869733
1.101211
5.163010
5.266403
4.554382
16.426756
15.334217
4.965069
2.690852
3.512528
1.352657
1.711737
0.464883
4.186847
5.914194
6.207408
0.093289
0.595299
9.150672
5.935408
4.302028
1.080016
1.251062
3.776900
1.899062
0.170136
1.888701
13.229710
3.662746
9.691368
2.263071
2.495860
7.033276
7.242909
1.338644
8.936544
4.667765
5.419888
6.230701
0.315973
11.656262
1.834817
5.248568
6.149663
4.563396
0.403842
0.123830
5.445038
1.174192
2.198105
1.373685
2.921960
7.369778
2.148827
2.674064
0.744009
0.584321
0.268565
5.603550
3.892293
9.134846
12.009048
3.545127
5.355136
6.277240
2.523615
1.497147
4.309486
2.295774
3.117748
0.146121
3.542574
0.200937
1.707003
0.088560
0.069745
0.344677
2.522791
7.181482
0.229964
5.243094
3.901767
2.837022
5.769775
3.716190
6.659703
0.183664
0.927732
0.041259
1.800330
0.547490
0.228560
0.252947
0.425657
1.762016
2.457939
6.278172
5.011205
5.499372
0.797576
0.346562
1.064272
3.202699
8.281215
1.638121
1.876728
0.945795
1.706545
1.642609
0.156103
4.261764
12.010921
0.556393
0.192694
0.030969
7.732774
0.466193
6.736133
0.197354
0.969558
1.227695
6.903892
4.083177
6.420702
1.034912
1.075511
2.788401
2.377664
1.584916
0.864852
1.346524
1.000548
5.021227
2.065866
1.691809
8.235772
5.969787
2.328291
1.939500
0.059882
0.488549
1.124634
3.392304
0.826777
0.069863
0.011139
5.885352
0.294788
1.289227
0.127165
2.040422
7.640413
2.198709
0.103504
4.137642
5.781313
3.424836
0.136909
1.400020
1.063498
3.757475
0.393113
2.572697
8.355475
1.165432
0.024603
0.854726
0.124044
3.175824
2.605620
0.159099
0.875046
2.911144
0.253965
2.756435
0.730334
0.425752
0.590153
0.509778
4.879107
0.749783
0.983631
0.173789
5.968546
1.502165
1.418643
1.947095
0.268357
0.235398
1.671978
0.078804
1.336626
0.812901
4.860390
0.155368
0.592799
8.979366
1.603579
0.821863
1.729805
7.595912
0.722086
1.919888
4.764983
2.666827
6.734767
4.374404
1.520482
0.684130
2.761611
1.377354
0.180695
3.382521
4.215112
1.521623
2.320278
3.986663
0.492160
2.932311
9.783511
0.225294
0.257319
7.240668
1.459867
1.639125
1.468025
0.005556
0.394570
0.297063
7.244236
0.342032
0.009373
1.010859
0.302258
0.039493
6.770488
1.182335
1.633276
0.298984
5.002825
1.481715
1.765778
7.499564
8.077067
0.987987
8.249481
0.690776
1.644066
0.392442
8.173496
6.062420
1.268276
2.368539
1.425486
0.622652
4.028136
1.173823
1.302093
2.079817
0.008886
0.764752
2.723810
1.310269
4.542900
0.838042
1.232901
0.014801
0.746326
1.221563
0.619062
0.729132
0.043670
2.796886
0.831095
0.052433
1.530918
2.315219
1.383451
1.607219
0.533089
1.157085
0.008204
0.011706
2.234345
2.752363
1.133518
0.469068
0.984360
0.350679
2.762439
0.691840
0.314596
4.372692
2.904786
0.395231
0.005349
1.902021
1.573742
2.790594
4.696916
1.238633
3.624274
0.638324
0.657817
0.669547
1.354063
1.102592
4.382132
3.037262
2.632592
3.691835
4.392560
4.006343
2.832332
3.802942
0.348301
0.302109
2.034320
0.524387
0.178958
1.527378
0.042495
1.795783
1.740312
0.953000
1.054430
2.445304
0.327025
0.222999
0.062402
0.079205
0.984243
0.706077
0.912195
0.704886
1.171903
0.107649
0.895896
10.478589
0.470371
0.944972
0.081945
1.723562
3.122184
1.366349
4.492653
0.090282
0.997316
2.826053
6.476438
4.739373
2.308826
0.094552
1.524158
1.029831
3.193967
0.180089
4.727434
0.875192
1.475761
5.859293
1.753498
1.448146
0.350802
0.144061
1.464705
2.102745
1.421570
0.584206
0.153807
1.895236
1.918876
1.040848
0.064150
1.570377
2.355821
10.328249
4.584957
0.244974
1.128239
3.412636
2.811276
1.223084
0.488885
0.567731
0.397326
0.151563
1.970148
2.207763
0.950353
1.657302
0.043305
1.720734
1.696375
4.668498
3.156650
1.428946
1.911712
0.135961
4.769471
0.791173
2.999262
0.633576
0.509144
0.758153
0.351511
0.627232
12.038670
2.692753
0.415417
0.127212
0.025145
3.963479
0.248538
0.281500
0.356800
3.192127
0.259745
0.687546
0.838076
3.679501
2.976155
0.546568
1.697955
1.501415
1.777128
3.805315
0.628164
0.103785
1.053333
0.206504
0.581803
1.299621
0.152051
0.228780
2.235117
0.878724
7.449908
0.498101
5.561821
0.438560
1.842582
0.467039
2.626548
1.220535
0.726764
3.289977
0.449058
0.203359
0.824279
0.774125
0.586769
1.326590
1.288590
0.342712
0.033778
0.065120
0.036400
0.096045
3.490404
0.711060
0.913180
1.852514
0.744912
0.034402
0.051522
0.303927
3.937955
2.264670
0.940044
3.410971
0.690088
3.385710
2.614474
0.269518
4.524695
1.759465
0.420774
1.318860
0.571092
0.803568
0.232785
0.605695
0.682074
5.363385
4.040134
1.611258
5.240508
0.217920
2.115841
0.402756
2.006276
0.697616
0.614012
0.056107
0.382950
0.110883
1.932947
2.659997
0.731879
1.307681
0.335487
0.084729
0.145015
2.296061
0.686949
3.081537
0.348425
0.214989
0.258542
4.529220
0.883511
0.868755
0.025083
0.098079
1.120438
0.444977
0.069302
0.019684
1.045396
2.474623
0.568357
0.181057
4.841941
0.005682
1.134413
1.069802
0.070562
1.134551
1.315438
1.135464
1.625420
0.808899
2.066388
0.013103
0.858035
2.044942
5.008671
6.655954
5.374711
2.611358
2.648255
4.542653
2.755781
0.031456
1.634679
3.994950
0.872078
0.290999
1.253826
1.874549
1.368900
0.003876
1.242685
1.061789
2.628428
0.772031
0.242061
3.582049
6.383965
0.050382
1.955695
0.545258
3.823999
0.680651
0.391884
0.615480
0.240028
0.098174
0.245614
0.179344
1.493863
1.115535
0.303511
1.359375
0.035793
0.067680
0.302326
1.106502
0.066363
1.412332
2.596145
0.351828
2.545103
1.287004
0.374454
0.780240
0.836207
2.025816
0.855782
0.143159
1.975571
0.918609
0.444582
0.451909
1.790988
3.562733
0.991845
0.140863
0.753723
0.688359
0.750207
0.575083
1.006389
1.265213
1.193132
0.411934
0.109156
0.703334
0.989233
0.532805
1.380006
0.837987
0.111278
0.252290
0.201122
1.618461
0.136084
0.720353
0.656645
0.570959
0.056023
0.015646
0.289877
0.256872
1.352660
0.340521
2.118988
0.001962
0.899412
0.612781
1.954753
0.905141
1.220339
2.303277
0.026170
2.030432
0.208747
0.552444
0.783677
1.434149
1.905149
0.169047
0.288300
1.362490
0.076378
3.812501
2.261364
0.069672
1.479769
0.827571
0.205279
0.713989
0.491120
0.811233
2.212635
0.437808
0.000000
1.081173
0.064613
0.670706
1.806787
1.029272
0.878613
1.015573
0.895207
0.045732
0.692424
0.452179
0.414744
1.703520
0.740284
0.623373
0.570448
0.246999
0.870894
0.148943
1.662262
1.217396
0.081688
0.279427
0.809984
1.266436
2.005436
0.564090
0.781177
0.867596
0.646895
0.483658
2.031675
2.205008
0.031759
0.497373
0.113636
1.097040
0.827617
2.525460
0.041287
0.454876
0.515625
0.185542
1.589380
0.447386
0.000000
1.062187
0.543351
0.031357
0.016988
0.116564
0.704705
0.409622
0.744250
1.342202
0.617722
0.528294
0.266102
0.553544
1.992526
5.625004
0.660782
4.306197
2.271746
0.614169
0.193246
1.280164
0.103395
0.078470
0.100222
0.539316
0.693708
0.957698
0.039474
0.208415
0.578338
0.589124
0.540276
0.100927
0.596636
0.188926
0.825523
0.171767
0.473018
0.055746
0.023739
0.384284
0.041084
0.064205
0.873786
0.395643
0.341861
0.513906
1.021220
0.182269
0.453842
0.347531
0.495754
1.557447
0.527631
0.037753
0.799784
0.030016
0.649121
0.131033
1.635009
0.307302
0.405493
0.141418
0.602451
0.003341
0.397492
0.393955
0.170369
0.074410
0.284584
0.112381
0.044483
0.013814
0.218234
0.393054
0.139535
0.005171
0.411517
0.000000
0.268856
0.033058
