Inf_UN Inf_GT Sus_UN Sus_GT F_GT G_GT
0.3480 0.3541 0.3750 0.3684 5.8050 4.7366
0.0800 0.0816 0.6490 0.6379 0.9910 7.5816
0.3010 0.3063 0.2490 0.2446 6.1512 4.3891
0.4890 0.4976 0.9740 0.9568 5.4142 8.4115
0.5150 0.5239 0.9790 0.9616 2.4493 3.8024
0.1970 0.2005 0.8210 0.8066 2.0401 7.2888
0.0390 0.0397 0.8760 0.8607 0.5521 11.3503
0.8130 0.8271 0.0110 0.0108 3.6244 0.0315
0.4540 0.4619 0.3030 0.2977 3.7805 2.3622
0.9710 0.9881 0.4480 0.4402 16.2322 6.6308
0.5050 0.5139 0.8190 0.8046 5.1884 6.9918
0.1450 0.1476 0.6520 0.6406 1.3436 5.3034
0.3910 0.3978 0.3280 0.3222 5.4998 3.1291
0.5070 0.5160 0.7070 0.6949 7.4417 12.2007
0.6970 0.7092 0.2940 0.2888 6.0270 3.2049
0.4100 0.4172 0.1010 0.0992 11.0630 2.4922
0.3630 0.3693 0.5410 0.5311 1.3115 1.0512
0.1610 0.1638 0.9960 0.9785 1.7332 7.3714
0.4810 0.4895 0.4340 0.4264 7.2544 5.3872
0.7860 0.7997 0.4970 0.4883 6.2581 4.7031
0.0500 0.0509 0.7300 0.7173 1.1453 13.2911
0.4870 0.4956 0.6630 0.6514 3.9359 4.3234
0.7760 0.7897 0.9240 0.9079 20.6137 22.1178
0.0460 0.0468 0.4420 0.4343 0.8476 8.9978
0.0260 0.0265 0.8510 0.8361 0.3250 7.1007
0.1950 0.1984 0.4900 0.4805 0.4333 0.2621
0.2430 0.2473 0.1820 0.1788 2.8020 1.7610
0.3460 0.3521 0.4450 0.4372 2.0234 2.5405
0.4660 0.4741 0.7230 0.7101 2.6329 2.2326
0.9840 1.0013 0.2480 0.2437 11.8444 3.0335
0.7070 0.7194 0.3040 0.2987 8.0188 3.3890
0.8110 0.8247 0.6240 0.6119 1.5279 0.3962
0.4500 0.4578 0.2610 0.2563 1.6816 0.7178
0.5380 0.5475 0.5400 0.5305 5.0712 4.6651
0.9710 0.9862 0.9210 0.8915 0.6302 0.0737
0.6380 0.6480 0.4230 0.4094 0.4141 0.0338
0.4920 0.4997 0.9040 0.8750 0.3193 0.0723
0.9030 0.9189 0.3780 0.3714 13.6037 4.7465
0.4770 0.4854 0.6610 0.6494 7.3658 8.0563
0.6300 0.6411 0.2720 0.2673 8.5441 4.2772
0.4550 0.4631 0.3680 0.3616 12.3209 9.6453
0.8970 0.9128 0.1310 0.1287 22.7470 3.6339
0.2880 0.2930 0.0890 0.0874 1.4000 0.4142
0.5010 0.5098 0.7240 0.7113 4.6533 7.5434
0.1680 0.1710 0.2220 0.2181 2.5224 3.1571
0.6820 0.6940 0.7150 0.7025 13.1858 11.8561
0.7940 0.8077 0.7230 0.7101 2.5543 2.4474
0.3840 0.3907 0.9950 0.9772 1.4519 3.0347
0.8150 0.8293 0.7150 0.7025 15.0628 12.7728
0.9090 0.9250 0.3570 0.3507 10.8280 4.7303
0.9110 0.9271 0.9520 0.9353 10.3772 10.1597
0.2310 0.2351 0.5200 0.5109 4.5939 9.5222
0.3630 0.3690 0.0540 0.0530 0.3837 0.0365
0.3480 0.3541 0.3780 0.3714 5.8781 6.6184
0.7920 0.8059 0.3660 0.3596 6.3186 2.9134
0.2430 0.2473 0.8740 0.8588 3.8766 17.4940
0.3620 0.3684 0.9040 0.8882 5.0734 12.3251
0.2450 0.2494 0.0970 0.0954 3.7698 1.4921
0.0040 0.0041 0.7080 0.6956 0.0410 5.5741
0.8150 0.8291 0.4580 0.4497 2.0677 0.6210
0.7970 0.8109 0.3520 0.3459 3.4136 2.2053
0.3130 0.3185 0.3110 0.3055 4.4246 3.4151
0.1100 0.1119 0.0530 0.0521 0.6569 0.2529
0.5310 0.5403 0.0070 0.0069 4.9930 0.0483
0.0390 0.0397 0.6970 0.6847 0.3440 6.1357
0.1500 0.1526 0.0820 0.0806 1.4326 0.5585
0.4620 0.4703 0.6140 0.6034 3.6202 5.0084
0.3200 0.3256 0.0650 0.0639 2.7395 0.6183
0.8710 0.8864 0.8580 0.8431 12.7784 11.1531
0.2830 0.2881 0.6300 0.6190 3.4076 7.7578
0.5570 0.5668 0.9580 0.9411 3.2740 5.2537
0.3740 0.3806 0.8080 0.7940 5.8980 14.5602
0.7880 0.8019 0.6480 0.6367 8.0935 6.9744
0.0440 0.0448 0.9830 0.9658 0.5167 11.3841
0.1240 0.1262 0.7550 0.7417 0.8864 4.3865
0.7700 0.7836 0.5380 0.5286 17.0155 11.2480
0.5230 0.5321 0.0300 0.0295 2.8802 0.1013
0.2100 0.2137 0.0140 0.0139 0.9748 0.0934
0.4890 0.4976 0.2640 0.2595 3.5105 1.9206
0.4350 0.4427 0.0450 0.0443 6.7255 0.5712
0.8610 0.8761 0.0450 0.0442 10.3019 0.4941
0.6660 0.6777 0.9560 0.9393 9.0609 10.8582
0.7610 0.7742 0.2210 0.2170 2.5874 0.4705
0.0030 0.0031 0.0930 0.0914 0.0229 0.6969
0.4550 0.4630 0.8900 0.8744 5.8508 9.3049
0.4600 0.4681 0.9040 0.8880 3.0848 4.3591
0.5650 0.5747 0.8080 0.7936 1.2927 2.3327
0.7780 0.7915 0.9320 0.9156 5.5176 6.1568
0.4960 0.5046 0.9980 0.9803 2.5147 4.1916
0.3590 0.3653 0.4020 0.3950 4.1281 4.6656
0.5210 0.5303 0.8390 0.8241 4.1586 3.4382
0.3980 0.4052 0.8010 0.7875 2.5162 6.4072
0.8760 0.8915 0.7650 0.7519 9.5580 7.1252
0.6860 0.6982 0.5700 0.5600 8.3198 6.6365
0.6430 0.6542 0.4490 0.4408 2.1708 0.5824
0.1060 0.1079 0.2420 0.2377 0.4362 0.7625
0.0910 0.0925 0.2960 0.2904 0.1638 0.2412
0.9190 0.9349 0.8440 0.8292 2.5769 1.9277
0.9430 0.9593 0.6000 0.5893 2.7639 1.5576
0.2080 0.2115 0.7710 0.7563 0.3700 0.5767
0.8990 0.9150 0.5230 0.5139 6.9520 3.4947
0.2070 0.2105 0.7330 0.7199 0.3420 1.3370
0.6730 0.6848 0.7470 0.7337 2.3239 1.5792
0.7170 0.7296 0.1880 0.1847 5.3524 1.5907
0.6760 0.6879 0.4370 0.4294 23.1611 17.0211
0.5470 0.5566 0.5820 0.5719 6.5892 8.6916
0.6210 0.6319 0.8960 0.8803 5.9604 6.3732
0.8850 0.9003 0.4390 0.4311 2.6444 1.1893
0.3650 0.3710 0.6080 0.5968 0.3249 0.6183
0.5480 0.5575 0.0640 0.0629 2.3520 0.2763
0.0410 0.0416 0.2120 0.2081 0.0184 0.2059
0.3210 0.3266 0.0440 0.0433 2.2143 0.4191
0.7460 0.7589 0.3750 0.3684 3.0907 2.4187
0.1800 0.1830 0.5430 0.5334 0.2752 1.6735
0.6040 0.6148 0.9770 0.9599 4.4859 5.1742
0.5390 0.5486 0.7400 0.7271 9.4638 12.0561
0.5930 0.6034 0.4320 0.4244 3.9778 2.9609
0.8210 0.8354 0.9140 0.8981 3.6846 5.1522
0.5610 0.5707 0.9220 0.9057 1.8008 3.6271
0.4320 0.4396 0.1640 0.1612 5.3408 2.5036
0.7640 0.7774 0.8510 0.8362 3.8918 4.2848
0.0010 0.0010 0.9270 0.9108 0.0076 6.9785
0.8490 0.8631 0.9150 0.8985 1.0663 1.7275
0.2300 0.2341 0.2350 0.2309 1.8451 2.0903
0.9130 0.9289 0.0980 0.0963 5.1813 0.5765
0.0100 0.0102 0.3830 0.3762 0.0136 0.7288
0.2020 0.2055 0.1900 0.1867 1.4605 1.3866
0.9270 0.9433 0.8610 0.8459 18.3694 16.5519
0.2980 0.3031 0.9780 0.9607 0.8606 4.0431
0.7890 0.8028 0.6810 0.6690 4.8239 3.9049
0.2540 0.2585 0.4950 0.4863 3.0460 4.1511
0.9110 0.9269 0.2140 0.2103 5.3949 1.5348
0.1040 0.1058 0.2410 0.2368 0.7671 1.5612
0.0930 0.0946 0.2660 0.2614 1.9136 5.3112
0.5990 0.6096 0.7480 0.7349 13.5176 14.3810
0.8310 0.8459 0.8660 0.8511 7.1233 5.5251
0.4140 0.4213 0.0930 0.0914 6.2398 1.6202
0.9730 0.9895 0.6110 0.5998 1.5334 0.7692
0.2290 0.2329 0.9890 0.9702 0.4745 0.7467
0.9630 0.9800 0.0890 0.0875 18.4925 1.3749
0.0320 0.0326 0.7510 0.7377 0.1066 2.6300
0.7770 0.7906 0.1550 0.1523 8.9223 1.5106
0.8750 0.8904 0.2020 0.1985 13.3630 3.1595
0.0750 0.0764 0.6460 0.6350 0.3416 2.9761
0.3750 0.3816 0.4670 0.4588 3.3600 3.7243
0.2460 0.2504 0.5020 0.4932 3.6182 6.0767
0.3640 0.3705 0.9180 0.9020 3.8926 10.5212
0.7910 0.8048 0.9450 0.9283 4.7832 5.0869
0.6930 0.7051 0.7420 0.7289 4.5329 4.2049
0.5900 0.6003 0.5360 0.5266 5.0451 4.5667
0.9990 1.0153 0.0030 0.0029 0.8621 0.0019
0.1860 0.1893 0.8120 0.7978 2.4790 9.0782
0.2870 0.2920 0.7920 0.7781 1.5320 4.6665
0.5250 0.5336 0.5270 0.5175 0.4489 1.0740
0.0600 0.0610 0.3290 0.3232 0.4581 2.7406
0.8940 0.9094 0.2390 0.2348 2.2833 0.8475
0.5490 0.5585 0.4670 0.4588 3.0299 3.0159
0.5250 0.5344 0.9120 0.8962 2.8387 5.1847
0.2830 0.2878 0.4590 0.4507 0.3857 0.7408
0.1700 0.1737 0.5350 0.5263 0.2802 0.9502
0.0550 0.0559 0.4410 0.4332 0.1867 2.2253
0.8800 0.8953 0.1640 0.1611 7.2970 1.0325
0.6080 0.6185 0.6100 0.5992 2.3524 2.6279
0.3040 0.3092 0.4740 0.4657 0.7521 1.6865
0.4050 0.4120 0.8180 0.8037 2.1153 4.6986
0.0940 0.0956 0.6110 0.6003 0.4284 2.3572
0.5670 0.5767 0.2740 0.2691 2.0083 0.7801
0.0910 0.0926 0.0800 0.0786 0.5814 0.4878
0.0400 0.0407 0.8400 0.8251 0.1414 2.5175
0.8430 0.8574 0.3320 0.3261 2.1319 0.7267
0.2680 0.2726 0.0620 0.0609 0.5676 0.0963
0.5560 0.5656 0.2820 0.2770 2.0850 0.8178
0.6780 0.6892 0.2260 0.2218 0.8007 0.1833
0.8090 0.8228 0.3270 0.3211 2.4124 0.7044
0.7270 0.7385 0.5150 0.5049 0.5140 0.2611
0.7530 0.7661 0.9300 0.9137 6.4231 7.7125
0.5570 0.5665 0.1740 0.1708 1.3685 0.2629
0.7750 0.7883 0.3560 0.3497 2.6373 1.3250
0.4610 0.4688 0.3940 0.3870 0.8505 1.0145
0.6220 0.6325 0.5350 0.5252 1.0344 0.6276
0.2450 0.2492 0.0340 0.0334 1.0383 0.1625
0.2040 0.2077 0.7930 0.7791 3.0994 9.8395
0.8570 0.8721 0.0840 0.0826 15.2906 1.6067
0.5280 0.5372 0.1990 0.1955 2.5471 1.0087
0.3230 0.3287 0.6930 0.6809 4.9186 10.9404
0.6000 0.6106 0.3820 0.3754 4.8048 2.3436
0.6560 0.6674 0.9210 0.9048 2.7919 4.9725
0.6660 0.6776 0.1010 0.0992 4.3949 0.6323
0.9320 0.9483 0.0130 0.0128 8.4700 0.1263
0.8890 0.9044 0.2980 0.2927 2.9284 1.1923
0.8250 0.8392 0.6550 0.6434 4.5952 5.0789
0.2990 0.3044 0.7760 0.7623 1.6185 2.7742
0.9910 1.0084 0.3220 0.3163 12.0763 3.3082
0.5090 0.5180 0.2790 0.2741 5.6636 2.9998
0.6580 0.6694 0.7330 0.7201 1.5838 2.5611
0.3990 0.4061 0.9460 0.9295 8.8047 21.3805
0.2750 0.2798 0.2200 0.2163 1.5048 1.3059
0.6010 0.6116 0.8020 0.7879 10.2452 10.7917
0.6310 0.6422 0.9640 0.9472 5.2796 8.8919
0.9090 0.9250 0.9450 0.9285 10.6926 13.0051
0.6930 0.7052 0.4990 0.4903 9.5613 8.1137
0.6510 0.6625 0.4950 0.4863 5.5166 3.7209
0.8790 0.8944 0.6830 0.6711 5.6485 4.8336
0.9270 0.9434 0.5130 0.5041 16.7833 10.9695
0.6690 0.6808 0.6210 0.6101 11.4847 9.2827
0.1790 0.1821 0.2640 0.2594 2.5613 3.4534
0.4230 0.4304 0.5650 0.5551 4.2579 4.3652
0.4760 0.4843 0.6700 0.6582 2.5780 3.0465
0.5810 0.5910 0.7020 0.6895 1.3642 2.0870
0.1160 0.1180 0.0260 0.0255 1.1621 0.2921
0.0010 0.0010 0.0460 0.0452 0.0087 0.3590
0.0660 0.0672 0.4170 0.4097 1.0027 4.9702
0.4370 0.4447 0.9830 0.9658 4.4801 10.2026
0.8350 0.8497 0.2750 0.2702 8.7650 2.6463
0.2210 0.2249 0.6680 0.6563 3.2297 9.2658
0.4350 0.4426 0.6420 0.6307 4.3104 6.1266
0.5010 0.5098 0.4220 0.4146 3.7856 3.4406
0.9300 0.9464 0.3390 0.3331 11.1637 4.2687
0.0670 0.0682 0.8200 0.8058 1.0235 14.3705
0.3810 0.3876 0.0920 0.0903 1.3998 0.2205
0.5030 0.5118 0.7210 0.7083 3.7479 4.6274
0.4500 0.4580 0.4230 0.4157 3.3700 2.9559
0.2410 0.2455 0.0570 0.0565 0.8059 0.1724
0.0840 0.0855 0.4290 0.4214 0.4582 1.8301
0.0820 0.0834 0.7930 0.7783 0.1579 0.7732
0.4760 0.4839 0.9490 0.9316 0.4903 1.0866
0.7450 0.7581 0.8050 0.7908 7.7048 5.7992
0.7200 0.7325 0.4570 0.4490 3.2234 2.8567
0.6390 0.6498 0.9360 0.9184 1.2090 0.7853
0.2940 0.2992 0.2830 0.2780 1.6832 1.6969
0.8520 0.8669 0.7860 0.7721 7.2335 5.0697
0.5660 0.5750 0.0140 0.0137 0.3487 0.0101
0.8790 0.8946 0.1910 0.1877 21.0187 4.0691
0.1880 0.1913 0.9850 0.9674 0.6501 3.1146
0.2180 0.2219 0.7400 0.7270 1.4279 4.9491
0.5610 0.5702 0.9200 0.9031 0.4886 1.0644
0.2020 0.2056 0.5230 0.5139 3.0177 7.4951
0.7850 0.7988 0.6060 0.5953 6.9017 5.0486
0.5070 0.5159 0.1990 0.1955 5.6880 1.9249
0.0460 0.0468 0.3810 0.3744 0.3791 3.0796
0.4740 0.4823 0.2110 0.2073 6.8360 3.6826
0.8740 0.8891 0.9230 0.9066 2.2750 2.0601
0.3130 0.3186 0.7280 0.7153 4.0361 11.1653
0.9410 0.9574 0.8220 0.8078 3.3481 4.6221
0.4510 0.4589 0.2610 0.2564 2.5603 1.6038
0.3260 0.3317 0.7730 0.7594 2.0421 4.1757
0.3570 0.3629 0.5940 0.5824 0.3920 0.3000
0.0800 0.0814 0.7220 0.7093 0.6902 5.1284
0.0200 0.0203 0.1970 0.1933 0.0260 0.1669
0.4630 0.4711 0.7160 0.7034 2.7817 3.7783
0.0270 0.0275 0.9680 0.9510 0.1648 6.8476
0.2750 0.2798 0.7550 0.7416 1.6173 2.6984
0.4700 0.4776 0.0590 0.0568 0.3431 0.0030
0.4390 0.4467 0.9200 0.9038 4.1068 5.5945
0.6410 0.6523 0.8620 0.8468 6.6587 7.8020
0.0080 0.0081 0.7540 0.7409 0.0764 4.4916
0.8930 0.9087 0.1770 0.1739 7.0529 0.9891
0.0980 0.0997 0.9610 0.9436 0.3557 1.5760
0.3880 0.3948 0.5010 0.4922 3.5642 5.7064
0.0400 0.0407 0.5630 0.5531 0.1862 2.1174
0.4390 0.4461 0.4830 0.4651 0.3205 0.0242
0.6470 0.6579 0.9890 0.9711 1.3483 2.3004
0.7250 0.7377 0.8250 0.8104 4.4051 5.1760
0.9310 0.9471 0.1030 0.1012 3.1272 0.3017
0.1680 0.1710 0.8630 0.8477 0.6742 3.4900
0.0860 0.0875 0.3050 0.2995 0.1936 0.9071
0.6300 0.6412 0.4720 0.4637 5.8395 3.7925
0.8820 0.8974 0.2430 0.2387 9.4577 3.1415
0.1740 0.1771 0.9410 0.9245 2.5077 11.0859
0.2290 0.2333 0.6640 0.6526 1.7855 4.9813
0.9810 0.9982 0.1080 0.1061 12.5225 1.4164
0.4400 0.4476 0.7280 0.7148 1.0120 1.3621
0.6270 0.6378 0.5840 0.5735 1.6014 1.3298
0.2290 0.2331 0.4450 0.4372 2.6145 6.0249
0.7490 0.7621 0.7530 0.7398 4.8670 4.1761
0.1680 0.1710 0.8300 0.8154 1.2215 5.9494
0.0790 0.0806 0.9330 0.9163 0.4354 2.9072
0.0010 0.0010 0.4220 0.4145 0.0053 2.1868
0.5950 0.6054 0.8170 0.8026 3.3820 4.9159
0.4590 0.4670 0.3520 0.3458 2.0949 1.8536
0.5660 0.5756 0.0280 0.0275 1.0828 0.0361
0.8720 0.8873 0.1520 0.1493 9.6417 1.3878
0.4720 0.4801 0.7730 0.7591 1.0681 1.8281
0.8440 0.8588 0.0010 0.0010 9.2182 0.0095
0.9820 0.9989 0.4170 0.4096 3.4684 1.3361
0.8190 0.8331 0.0180 0.0177 2.5946 0.0411
0.3000 0.3054 0.1900 0.1868 3.8175 1.9283
0.0950 0.0966 0.5300 0.5202 0.1941 0.5671
0.4650 0.4732 0.0680 0.0668 6.1757 0.6318
0.2500 0.2544 0.0970 0.0953 1.6678 0.4763
0.4260 0.4334 0.3100 0.3046 2.7694 2.4481
0.1410 0.1434 0.1180 0.1154 0.1741 0.0295
0.9930 1.0103 0.6580 0.6464 6.9292 4.5889
0.6090 0.6182 0.3520 0.3384 0.2692 0.0162
0.4640 0.4716 0.5610 0.5510 0.5104 0.9773
0.0290 0.0295 0.6630 0.6512 0.1258 1.6800
0.3620 0.3684 0.9440 0.9277 2.2078 5.6442
0.1960 0.1994 0.8810 0.8648 0.8299 1.0281
0.8140 0.8283 0.9730 0.9560 15.2283 17.2552
0.4630 0.4711 0.6090 0.5982 3.2757 2.9354
0.3400 0.3459 0.3210 0.3153 1.2940 0.9819
0.0350 0.0356 0.9100 0.8934 0.0769 1.3668
0.8480 0.8628 0.1940 0.1906 10.6407 2.7123
0.2060 0.2097 0.5490 0.5394 0.1945 0.8043
0.3210 0.3266 0.9030 0.8871 2.2024 6.1142
0.7970 0.8109 0.5720 0.5620 5.5407 3.7163
0.3710 0.3776 0.0110 0.0110 1.8832 0.0373
0.8140 0.8284 0.8570 0.8420 8.6561 7.1654
0.7260 0.7379 0.4550 0.4468 0.6164 0.6147
0.5840 0.5942 0.2940 0.2887 1.7578 0.5295
0.1810 0.1842 0.6050 0.5944 0.9017 2.6620
0.2600 0.2647 0.7660 0.7526 1.4248 5.1843
0.1430 0.1456 0.2440 0.2398 1.3888 2.5400
0.1210 0.1231 0.8170 0.8027 1.0421 7.7836
0.4090 0.4162 0.8200 0.8054 2.1505 2.1525
0.6780 0.6900 0.8110 0.7969 9.5456 12.3661
0.2050 0.2086 0.2640 0.2593 1.2597 1.5592
0.1860 0.1885 0.3540 0.3475 0.0461 0.3483
0.0090 0.0092 0.4190 0.4116 0.0093 0.7010
0.4870 0.4954 0.0050 0.0049 1.5263 0.0169
0.8450 0.8599 0.8780 0.8627 7.9126 9.3972
0.3290 0.3349 0.2610 0.2565 3.1647 2.9454
0.0560 0.0570 0.9080 0.8919 0.2527 4.4937
0.9330 0.9493 0.9590 0.9422 4.6277 7.1369
0.9860 1.0032 0.0640 0.0629 6.0304 0.4465
0.0170 0.0178 0.3900 0.3834 0.0439 1.1727
0.3170 0.3226 0.5000 0.4912 4.6032 5.8470
0.0640 0.0651 0.7010 0.6887 0.2486 4.2775
0.6970 0.7092 0.5010 0.4922 6.5497 5.9714
0.4980 0.5067 0.9620 0.9449 2.9058 4.4367
0.7070 0.7194 0.0160 0.0157 8.2754 0.1452
0.6270 0.6380 0.2890 0.2839 12.1525 5.8205
0.3640 0.3704 0.3350 0.3292 9.5019 9.6021
0.9590 0.9758 0.8810 0.8654 6.4713 5.6851
0.9700 0.9869 0.3090 0.3036 7.9230 3.1410
0.2690 0.2738 0.9500 0.9333 1.2436 6.1997
0.5980 0.6085 0.9140 0.8981 3.3344 6.2051
0.2280 0.2320 0.6660 0.6542 1.4369 4.4975
0.5140 0.5231 0.9890 0.9718 6.3546 14.7252
0.5960 0.6065 0.4640 0.4560 4.8103 4.4989
0.0680 0.0692 0.5720 0.5621 1.1931 11.6671
0.1600 0.1628 0.8580 0.8417 0.2163 0.6341
0.1490 0.1516 0.2770 0.2721 0.3418 0.8349
0.6190 0.6299 0.3620 0.3557 5.6081 2.4811
0.6810 0.6920 0.8370 0.8214 0.8444 0.9952
0.8550 0.8699 0.7800 0.7662 3.8620 3.9382
0.3250 0.3307 0.4330 0.4255 1.9815 3.1250
0.2190 0.2229 0.9380 0.9213 0.9224 3.1770
0.2150 0.2188 0.2270 0.2231 0.8684 1.1927
0.2860 0.2915 0.8620 0.8478 1.1045 3.2368
0.5670 0.5770 0.1840 0.1808 5.1506 1.4915
0.6940 0.7062 0.1330 0.1307 5.2591 0.8951
0.6350 0.6461 0.4990 0.4902 4.5510 3.5444
0.8110 0.8253 0.6060 0.5954 16.4146 12.4388
0.8060 0.8203 0.8870 0.8715 15.3245 16.0866
0.2920 0.2971 0.2660 0.2614 4.9412 4.8002
0.6250 0.6359 0.5280 0.5187 2.6800 2.2630
0.3230 0.3287 0.5210 0.5119 3.5113 5.5262
0.5460 0.5554 0.0970 0.0953 1.3437 0.2686
0.9520 0.9682 0.0530 0.0521 1.6984 0.1442
0.0670 0.0682 0.2530 0.2486 0.4533 2.5113
0.5260 0.5352 0.2840 0.2790 4.1764 2.1303
0.8780 0.8933 0.7150 0.7024 5.9133 5.4033
0.9050 0.9208 0.8030 0.7888 6.1993 3.8070
0.0220 0.0224 0.1570 0.1542 0.0891 0.7458
0.1940 0.1973 0.6950 0.6824 0.5954 1.5735
0.6030 0.6137 0.5960 0.5856 9.1258 9.4627
0.4270 0.4345 0.4060 0.3989 5.9238 5.5492
0.9550 0.9716 0.2430 0.2387 4.2985 1.2945
0.4970 0.5056 0.6520 0.6405 1.0800 1.7565
0.1570 0.1597 0.5550 0.5452 1.2405 3.7163
0.6280 0.6389 0.8130 0.7987 3.7686 5.4625
0.3830 0.3896 0.5870 0.5766 1.8928 2.4842
0.4600 0.4668 0.8750 0.8577 0.1693 0.3981
0.5980 0.6084 0.0580 0.0570 1.8975 0.1512
0.9090 0.9251 0.0960 0.0944 13.2023 1.2891
0.6680 0.6801 0.3860 0.3797 3.6600 1.9007
0.4940 0.5027 0.6330 0.6219 9.6641 13.0923
0.8540 0.8688 0.2000 0.1964 2.2520 0.4386
0.5570 0.5666 0.4790 0.4706 2.4903 2.9042
0.7380 0.7509 0.8220 0.8076 7.0317 11.6469
0.9450 0.9615 0.0170 0.0167 7.2255 0.1533
0.2070 0.2106 0.3310 0.3252 1.3262 2.9065
0.7950 0.8090 0.8520 0.8372 8.9334 11.7653
0.8480 0.8627 0.9680 0.9511 4.6632 7.9695
0.7250 0.7376 0.0260 0.0255 5.4165 0.2316
0.9590 0.9757 0.7720 0.7585 6.2325 6.4586
0.0640 0.0651 0.6500 0.6386 0.3085 3.4073
0.7440 0.7571 0.9790 0.9619 11.6518 14.0633
0.1330 0.1353 0.5710 0.5610 1.8162 7.9495
0.7390 0.7521 0.7340 0.7211 5.2439 4.4341
0.8780 0.8934 0.9380 0.9216 6.1460 7.3173
0.3640 0.3704 0.0820 0.0806 4.5620 1.1178
0.4580 0.4655 0.9520 0.9347 0.4026 1.4242
0.0260 0.0265 0.0750 0.0737 0.1212 0.3977
0.2570 0.2616 0.8420 0.8273 5.4173 16.2725
0.5330 0.5421 0.1010 0.0992 1.1593 0.3229
0.5930 0.6033 0.4550 0.4470 2.2060 2.1685
0.1840 0.1872 0.2480 0.2436 1.3533 1.7702
0.9680 0.9847 0.2560 0.2515 2.9117 1.2892
0.6210 0.6319 0.9070 0.8911 7.3607 9.6006
0.4260 0.4335 0.8010 0.7869 2.1415 3.4579
0.8410 0.8555 0.3540 0.3478 2.6719 1.6036
0.1180 0.1201 0.1890 0.1857 0.7393 1.6318
0.2460 0.2502 0.0580 0.0570 0.5838 0.1254
0.0860 0.0875 0.7170 0.7041 0.2667 1.5265
0.7260 0.7388 0.5950 0.5846 5.5938 3.6027
0.6230 0.6339 0.9510 0.9343 3.8956 5.4530
0.9030 0.9188 0.8950 0.8793 9.1384 8.5473
0.9990 1.0166 0.7070 0.6947 12.0070 8.5787
0.8350 0.8495 0.3060 0.3006 3.5529 1.7197
0.7850 0.7988 0.3810 0.3743 5.3561 1.8078
0.6130 0.6237 0.3360 0.3301 6.2593 3.0096
0.4180 0.4253 0.6100 0.5992 2.5306 3.1323
0.1570 0.1597 0.3590 0.3528 1.4860 4.8347
0.8140 0.8282 0.5950 0.5844 4.3134 2.1265
0.6210 0.6317 0.4360 0.4283 2.2902 2.0780
0.4760 0.4844 0.5180 0.5089 3.1254 3.0101
0.0710 0.0722 0.1640 0.1611 0.1376 0.4574
0.5590 0.5687 0.3350 0.3291 3.5306 2.7125
0.3030 0.3078 0.1910 0.1876 0.1973 0.4003
0.5210 0.5300 0.8600 0.8448 1.7094 3.6533
0.0370 0.0376 0.2680 0.2633 0.0845 0.7528
0.3080 0.3120 0.7320 0.7148 0.0684 0.1230
0.0710 0.0722 0.6060 0.5954 0.3369 3.4384
0.5330 0.5422 0.9010 0.8850 2.5190 3.5310
0.9250 0.9415 0.7650 0.7518 7.1761 7.5222
0.1270 0.1292 0.7880 0.7738 0.2315 1.3498
0.3010 0.3063 0.9020 0.8862 5.2458 14.1181
0.6030 0.6136 0.7970 0.7829 3.9014 4.4895
0.4040 0.4111 0.8990 0.8832 2.8385 6.9807
0.9850 1.0022 0.2860 0.2810 5.7691 1.9994
0.6340 0.6452 0.4960 0.4873 3.7000 2.6104
0.3530 0.3592 0.9010 0.8853 6.6653 17.4488
0.0500 0.0509 0.3140 0.3084 0.1831 1.2083
0.4930 0.5014 0.3100 0.3044 0.9244 0.4659
0.0070 0.0071 0.0520 0.0511 0.0362 0.1708
0.3320 0.3378 0.1490 0.1464 1.7911 0.9464
0.0690 0.0702 0.0670 0.0658 0.5403 0.6721
0.1160 0.1180 0.2680 0.2632 0.2305 0.4208
0.0260 0.0265 0.5440 0.5345 0.2518 4.3455
0.2300 0.2339 0.7980 0.7836 0.4264 1.5872
0.2580 0.2626 0.2920 0.2869 1.7585 1.6626
0.5460 0.5555 0.5060 0.4970 2.4521 2.5082
0.9670 0.9840 0.5520 0.5422 6.2691 2.7175
0.4140 0.4213 0.2160 0.2122 5.0036 2.3849
0.8750 0.8903 0.8330 0.8184 5.5029 7.6153
0.4510 0.4587 0.9980 0.9800 0.7983 1.9671
0.1960 0.1994 0.5880 0.5773 0.3428 0.7679
0.4040 0.4109 0.5180 0.5085 1.0658 1.0448
0.4800 0.4884 0.1260 0.1238 3.1882 0.9315
0.6660 0.6778 0.0300 0.0295 8.2717 0.4090
0.6500 0.6612 0.5980 0.5874 1.6367 1.8305
0.1120 0.1140 0.9560 0.9395 1.8586 18.1152
0.1930 0.1964 0.1630 0.1601 0.9378 0.6584
0.3950 0.4019 0.7970 0.7829 1.7025 3.2677
0.2860 0.2910 0.0900 0.0884 1.6251 0.5458
0.0140 0.0143 0.7750 0.7614 0.1461 5.5785
0.8270 0.8420 0.8550 0.8402 4.2574 4.1450
0.8940 0.9100 0.7500 0.7371 11.9957 9.8400
0.3630 0.3692 0.7920 0.7777 0.5554 1.2997
0.0700 0.0714 0.6900 0.6777 0.1933 1.8064
0.0820 0.0832 0.3230 0.3165 0.0310 0.1124
0.9870 1.0045 0.6560 0.6448 7.7193 5.0748
0.1690 0.1719 0.7340 0.7209 0.4609 1.8548
0.6150 0.6259 0.8690 0.8539 6.7275 8.1712
0.0150 0.0153 0.0550 0.0540 0.1855 0.6593
0.0600 0.0611 0.6750 0.6633 0.9494 11.2172
0.5490 0.5584 0.3490 0.3427 1.2243 0.6568
0.7810 0.7946 0.7540 0.7407 6.8837 6.7498
0.9460 0.9624 0.1230 0.1208 4.0754 0.5396
0.9880 1.0052 0.0190 0.0187 6.4180 0.1049
0.4340 0.4414 0.5980 0.5870 1.0351 0.6369
0.3750 0.3815 0.5410 0.5313 1.0691 1.0950
0.5740 0.5840 0.0390 0.0383 2.8000 0.1958
0.5020 0.5107 0.8830 0.8672 2.3689 3.0587
0.3010 0.3063 0.8160 0.8018 1.5784 4.5353
0.7800 0.7930 0.9630 0.9441 0.8666 0.4873
0.3920 0.3988 0.0680 0.0668 1.3485 0.2430
0.2120 0.2157 0.0850 0.0835 1.0070 0.4255
0.6810 0.6929 0.3650 0.3586 5.0074 2.6744
0.6790 0.6907 0.8240 0.8093 2.0689 2.1927
0.1670 0.1701 0.1130 0.1112 1.6817 1.3248
0.9300 0.9463 0.2280 0.2240 8.2277 1.8078
0.8410 0.8558 0.7120 0.6996 5.9753 5.4646
0.3300 0.3358 0.0400 0.0393 2.3268 0.2555
0.3480 0.3542 0.8610 0.8459 1.9286 4.9654
0.6540 0.6578 0.3000 0.2935 0.0634 0.0735
0.0620 0.0631 0.1230 0.1209 0.4742 1.1289
0.6460 0.6569 0.9840 0.9666 1.1292 2.4384
0.9280 0.9441 0.7050 0.6927 3.3993 3.1175
0.6130 0.6233 0.5350 0.5247 0.8202 0.3328
0.7830 0.7876 0.1880 0.1839 0.0760 0.0461
0.1010 0.1016 0.3370 0.3297 0.0098 0.0826
0.7830 0.7967 0.4520 0.4442 5.8991 3.6332
0.2260 0.2299 0.1580 0.1548 0.3035 0.0487
0.4890 0.4974 0.4770 0.4686 1.2748 1.2898
0.0550 0.0560 0.2780 0.2737 0.1229 0.9419
0.4630 0.4711 0.2850 0.2798 2.0446 0.3534
0.9240 0.9402 0.2050 0.2014 7.6138 1.7339
0.2470 0.2514 0.4540 0.4461 2.1906 4.8587
0.2800 0.2841 0.0760 0.0746 0.0986 0.0606
0.5250 0.5342 0.0410 0.0403 4.1396 0.3126
0.4170 0.4243 0.4860 0.4775 5.7784 6.8740
0.7220 0.7346 0.9330 0.9165 3.4360 4.4075
0.0600 0.0610 0.7030 0.6907 0.1322 3.1930
0.2770 0.2818 0.3520 0.3459 1.3952 2.9248
0.2060 0.2096 0.2350 0.2309 1.0570 1.7686
0.8520 0.8668 0.2550 0.2505 3.7479 0.8996
0.1070 0.1089 0.8320 0.8173 0.3895 3.2772
0.9350 0.9511 0.0990 0.0972 2.5834 0.1481
0.8660 0.8812 0.7770 0.7634 8.3552 5.0186
0.2710 0.2757 0.4580 0.4500 1.1620 2.5598
0.0220 0.0230 0.4250 0.4069 0.0256 0.0179
0.4040 0.4108 0.9480 0.9308 0.8500 2.1188
0.2060 0.2092 0.2760 0.2705 0.1265 0.1275
0.8140 0.8280 0.5260 0.5167 3.1738 2.0651
0.3390 0.3449 0.7190 0.7063 2.5944 6.2970
0.2570 0.2611 0.9590 0.9399 0.1578 0.4431
0.2980 0.3032 0.4180 0.4105 0.8699 0.8452
0.5000 0.5088 0.6000 0.5895 2.9075 3.0606
0.1540 0.1566 0.1100 0.1080 0.2615 0.2850
0.4810 0.4894 0.9280 0.9116 2.7494 5.7536
0.2820 0.2868 0.4320 0.4242 0.7309 0.8441
0.2720 0.2766 0.4090 0.4014 0.4246 0.3808
0.6880 0.6992 0.6870 0.6742 0.5903 0.5984
0.1270 0.1292 0.3320 0.3261 0.5116 1.0846
0.9840 1.0013 0.0340 0.0334 4.8629 0.1600
0.2810 0.2859 0.9930 0.9753 0.7472 2.5411
0.6310 0.6417 0.3680 0.3609 0.9667 0.2083
0.1240 0.1261 0.6750 0.6616 0.1788 0.3267
0.4690 0.4773 0.1020 0.1002 5.9755 1.2155
0.3970 0.4038 0.5770 0.5666 1.4991 1.7899
0.7640 0.7770 0.4010 0.3938 1.4180 0.8289
0.9900 1.0071 0.0180 0.0189 1.9731 0.0225
0.2050 0.2084 0.8950 0.8778 0.2671 0.5621
0.2280 0.2318 0.6840 0.6715 0.2310 0.8878
0.3200 0.3256 0.1920 0.1888 1.6602 0.8872
0.0550 0.0559 0.3330 0.3270 0.0718 0.5181
0.3940 0.4008 0.0250 0.0246 1.3081 0.0853
0.2140 0.2177 0.7880 0.7739 0.8089 2.3569
0.5320 0.5413 0.3930 0.3861 4.8619 3.9917
0.0140 0.0142 0.2740 0.2692 0.1447 3.5277
0.6350 0.6454 0.7280 0.7147 0.5918 0.9566
0.9630 0.9799 0.8600 0.8450 8.9675 8.0771
0.5330 0.5422 0.0400 0.0393 1.6011 0.1079
0.7030 0.7147 0.1320 0.1296 0.8239 0.2805
0.8880 0.9031 0.5690 0.5585 1.7263 0.6401
0.7950 0.8090 0.6050 0.5944 7.5930 5.8001
0.7360 0.7482 0.3640 0.3496 0.7235 0.0160
0.4620 0.4700 0.3060 0.3006 1.9164 1.2191
0.2900 0.2951 0.4720 0.4637 4.7412 6.9351
0.6480 0.6593 0.7860 0.7723 2.6633 3.6635
0.6700 0.6818 0.2410 0.2368 6.7094 2.7701
0.4870 0.4956 0.8810 0.8654 4.3762 4.9389
0.6680 0.6794 0.2300 0.2257 1.5117 0.2192
0.1780 0.1811 0.3570 0.3507 0.6848 0.8736
0.4640 0.4721 0.2230 0.2191 2.7673 0.7176
0.4420 0.4496 0.6940 0.6812 1.3706 0.8106
0.1130 0.1152 0.8080 0.7912 0.1777 0.4040
0.9520 0.9686 0.3470 0.3410 3.3929 1.1736
0.5630 0.5728 0.0570 0.0560 4.2157 0.4019
0.4300 0.4374 0.2660 0.2613 1.5162 0.8571
0.1440 0.1466 0.2070 0.2034 2.3099 3.9742
0.8830 0.8983 0.9560 0.9391 3.9912 5.3221
0.2380 0.2422 0.4830 0.4746 0.4922 2.0924
0.9370 0.9533 0.3710 0.3645 2.9347 1.4747
0.9070 0.9229 0.5840 0.5738 9.7775 7.3415
0.0600 0.0610 0.1760 0.1729 0.2200 0.8529
0.1720 0.1749 0.8160 0.8011 0.2522 1.0208
0.7480 0.7611 0.9830 0.9657 7.2444 7.7421
0.4590 0.4668 0.8680 0.8526 1.4559 3.3939
0.1240 0.1262 0.3900 0.3832 1.6268 4.9397
0.8310 0.8449 0.4460 0.4381 1.4601 1.2542
0.7850 0.7385 0.0650 0.0636 0.0110 0.0136
0.1900 0.1932 0.1390 0.1365 0.4026 0.2549
0.9580 0.9710 0.9750 0.9568 0.2960 0.9009
0.4840 0.4926 0.9860 0.9689 7.2203 20.8904
0.4460 0.4532 0.3030 0.2976 0.3403 0.6581
0.0190 0.0193 0.6780 0.6654 0.0081 0.7017
0.3590 0.3653 0.3250 0.3193 1.0084 1.2327
0.2710 0.2754 0.9500 0.9327 0.2992 1.5932
0.8980 0.8918 0.2250 0.2205 0.0404 0.0979
0.8000 0.8140 0.9570 0.9402 6.7576 5.9870
0.1160 0.1180 0.1430 0.1405 1.1644 1.3657
0.4200 0.4274 0.4260 0.4185 1.6334 1.7803
0.2080 0.2124 0.9360 0.9195 0.2972 1.8683
0.3510 0.3572 0.6860 0.6741 4.9930 11.3094
0.7580 0.7710 0.0650 0.0638 1.4842 0.1252
0.1730 0.1761 0.8000 0.7861 1.7575 11.0520
0.7440 0.7570 0.5170 0.5080 7.4980 6.0603
0.9380 0.9545 0.5960 0.5856 8.0752 4.5952
0.2730 0.2780 0.1490 0.1466 0.9934 0.5112
0.9340 0.9504 0.5350 0.5256 8.2500 5.4131
0.1700 0.1730 0.9680 0.9508 0.6885 3.3144
0.3670 0.3734 0.5380 0.5285 1.6486 2.4560
0.1830 0.1861 0.9070 0.8905 0.3907 1.5863
0.6030 0.6138 0.6610 0.6497 8.1453 6.6880
0.8650 0.8802 0.5770 0.5669 6.0524 4.1296
0.3990 0.4059 0.4930 0.4844 1.2620 2.6006
0.6580 0.6696 0.1330 0.1307 2.3727 0.5401
0.3400 0.3460 0.7240 0.7113 1.4277 3.2529
0.0630 0.0641 0.1610 0.1582 0.6156 1.1189
0.9950 1.0123 0.2840 0.2790 4.0298 0.9045
0.7180 0.7301 0.2900 0.2847 1.1718 0.4860
0.6040 0.6143 0.8750 0.8594 1.2956 3.0205
0.6250 0.6358 0.0220 0.0216 2.0738 0.1068
0.0020 0.0020 0.3940 0.3870 0.0064 1.2864
0.4860 0.4943 0.2320 0.2279 0.7650 0.4775
0.9160 0.9318 0.9680 0.9512 2.7068 5.0230
0.2430 0.2473 0.8630 0.8474 1.3112 1.9443
0.4770 0.4857 0.6660 0.6547 4.5449 6.7499
0.4890 0.4975 0.4230 0.4154 0.8357 0.7326
0.2190 0.2229 0.8250 0.8104 1.2323 2.4049
0.0190 0.0193 0.9640 0.9452 0.0159 0.5022
0.9620 0.9771 0.0440 0.0431 0.7706 0.0175
0.4140 0.4213 0.5710 0.5608 1.2196 1.3744
0.7610 0.7729 0.1160 0.1136 0.6096 0.0462
0.9080 0.9222 0.4530 0.4438 0.7273 0.1803
0.0170 0.0173 0.7010 0.6876 0.0411 0.6281
0.8770 0.8920 0.6240 0.6129 2.7889 2.0336
0.2070 0.2106 0.4670 0.4588 0.8294 1.6723
0.0130 0.0132 0.5380 0.5284 0.0466 1.6517
0.4240 0.4313 0.8530 0.8378 1.5260 2.6503
0.7260 0.7384 0.6020 0.5912 2.3159 1.7253
0.9720 0.9880 0.9590 0.9416 1.3812 1.7866
0.7050 0.7170 0.1750 0.1719 1.5968 0.3815
0.6910 0.7020 0.1460 0.1433 0.5286 0.1279
0.2050 0.2086 0.2220 0.2181 1.1496 1.0587
0.0060 0.0061 0.8040 0.7896 0.0069 2.0558
0.0100 0.0102 0.3060 0.3003 0.0109 0.2717
0.4430 0.4508 0.4580 0.4499 2.2332 1.7088
0.5400 0.5494 0.8100 0.7957 2.7513 4.4518
0.3160 0.3216 0.6480 0.6368 1.1335 2.9270
0.5520 0.5611 0.4360 0.4281 0.4659 0.4007
0.3850 0.3917 0.6560 0.6446 0.9794 2.0598
0.6730 0.6834 0.9580 0.9401 0.3520 0.8612
0.6470 0.6582 0.7340 0.7210 2.7582 2.9022
0.6100 0.6203 0.4540 0.4457 0.6887 0.5779
0.1630 0.1658 0.3850 0.3781 0.3138 0.7792
0.8640 0.8791 0.6100 0.5993 4.3641 3.5130
0.5850 0.5952 0.2040 0.2004 2.8975 0.9098
0.0990 0.1007 0.0830 0.0815 0.3847 0.3732
0.0130 0.0132 0.8490 0.8329 0.0057 0.5739
0.9170 0.9327 0.2580 0.2534 1.9028 0.6574
0.5340 0.5432 0.7350 0.7219 1.5716 2.2579
0.5400 0.5494 0.9690 0.9518 2.7794 3.9506
0.9670 0.9839 0.2010 0.1975 4.6735 0.9954
0.2070 0.2106 0.8350 0.8203 1.2389 4.8205
0.8210 0.8352 0.3710 0.3645 3.6083 2.0973
0.5380 0.5472 0.2780 0.2730 0.6408 0.4698
0.6660 0.6769 0.2020 0.1983 0.6467 0.2767
0.5200 0.5287 0.2500 0.2454 0.6698 0.3052
0.1970 0.2004 0.6990 0.6868 1.3493 6.2225
0.8660 0.8804 0.4050 0.3975 1.0981 0.3637
0.8590 0.8739 0.4250 0.4175 4.3852 2.0128
0.6310 0.6421 0.8090 0.7948 3.0256 4.6485
0.5640 0.5737 0.1480 0.1454 2.6384 0.6283
0.7490 0.7620 0.3020 0.2967 3.7038 1.2017
0.4560 0.4640 0.9340 0.9176 4.3657 9.6323
0.7670 0.7805 0.0330 0.0324 3.9991 0.1490
0.6040 0.6145 0.0810 0.0796 2.8098 0.4790
0.8540 0.8689 0.1250 0.1228 3.7901 0.7766
0.1580 0.1611 0.1430 0.1407 0.3429 0.1900
0.3980 0.4045 0.4450 0.4369 0.2985 0.5678
0.6260 0.6368 0.5680 0.5579 2.0301 1.5609
0.5930 0.6028 0.0820 0.0804 0.5313 0.0509
0.0420 0.0427 0.6390 0.6277 0.1736 3.0576
0.6760 0.6877 0.0350 0.0344 1.5298 0.0785
0.9670 0.9594 0.2420 0.2371 0.0425 0.0777
0.3480 0.3541 0.0310 0.0306 1.7821 0.1548
0.8020 0.8157 0.1400 0.1375 1.7476 0.3699
0.6490 0.6600 0.1170 0.1149 0.9592 0.1522
0.7520 0.7648 0.9560 0.9377 1.0573 0.6577
0.6510 0.6624 0.4580 0.4500 2.4360 1.8746
0.1940 0.1973 0.4300 0.4220 0.3238 0.4197
0.0340 0.0346 0.7290 0.7162 0.2206 3.6260
0.0340 0.0346 0.2490 0.2444 0.0593 0.2936
0.1050 0.1067 0.8980 0.8806 0.0777 0.4840
0.5320 0.5411 0.9610 0.9439 0.9842 2.2372
0.6230 0.6332 0.3420 0.3351 0.7040 0.1902
0.7020 0.7137 0.4890 0.4800 0.9112 0.6963
0.6210 0.6313 0.9480 0.9306 0.7055 0.9726
0.9060 0.9212 0.0650 0.0638 1.1751 0.0540
0.6860 0.6935 0.5780 0.5666 0.1125 0.2497
0.7160 0.7280 0.8730 0.8571 0.8971 1.0511
0.9710 0.9881 0.9570 0.9403 10.4761 10.6208
0.1520 0.1546 0.8050 0.7906 0.4695 2.1526
0.4050 0.4120 0.0800 0.0786 0.9432 0.1783
0.3550 0.3596 0.7970 0.7795 0.0834 0.1833
0.3510 0.3571 0.4570 0.4489 1.7160 2.3083
0.5610 0.5707 0.1010 0.0992 3.1180 0.6280
0.4350 0.4426 0.9460 0.9292 1.3655 3.4624
0.7560 0.7693 0.2430 0.2388 4.4937 1.4354
0.0150 0.0153 0.0920 0.0904 0.0790 0.5192
0.4630 0.4709 0.1490 0.1464 0.9880 0.3767
0.6730 0.6848 0.1840 0.1808 2.8253 0.8000
0.6180 0.6289 0.6120 0.6013 6.4630 5.2791
0.7050 0.7174 0.9900 0.9727 4.7263 4.3441
0.6990 0.7110 0.3020 0.2966 2.3081 0.8272
0.0230 0.0235 0.4410 0.4333 0.0921 1.4571
0.5240 0.5331 0.0040 0.0039 1.5269 0.0079
0.4760 0.4842 0.9150 0.8983 1.0315 1.1593
0.8670 0.8820 0.0440 0.0432 3.1724 0.1237
0.0450 0.0458 0.1820 0.1788 0.1735 0.7042
0.8910 0.9067 0.7520 0.7388 4.7196 3.5517
0.1660 0.1689 0.9720 0.9549 0.8756 3.7257
0.7860 0.7992 0.2770 0.2717 1.4800 0.2238
0.9880 1.0052 0.6530 0.6415 5.8440 4.4606
0.4880 0.4969 0.2220 0.2182 1.7451 0.6713
0.1630 0.1658 0.6660 0.6542 1.4352 4.6727
0.1490 0.1516 0.6230 0.6119 0.3467 1.7475
0.1050 0.1068 0.4870 0.4780 0.1450 0.5323
0.6180 0.6292 0.8570 0.8417 1.4640 1.2744
0.6070 0.6174 0.9740 0.9566 2.1014 3.3408
0.8770 0.8917 0.9420 0.9242 1.4207 0.7903
0.6740 0.6849 0.7210 0.7073 0.5837 0.5992
0.0640 0.0651 0.1550 0.1522 0.1570 0.2804
0.6410 0.6521 0.2440 0.2397 1.8897 0.8203
0.9730 0.9895 0.9650 0.9476 1.9168 2.2349
0.4100 0.4171 0.4530 0.4449 1.0430 1.4944
0.7270 0.7310 0.8070 0.7920 0.0647 0.7771
0.6930 0.7049 0.2680 0.2632 1.5752 0.6646
0.2460 0.2503 0.4770 0.4687 2.3441 5.4297
0.8990 0.9148 0.2610 0.2564 10.3151 2.5985
0.3470 0.3531 0.2490 0.2447 4.5773 4.0091
0.6260 0.6353 0.7210 0.7079 0.2416 1.0397
0.5150 0.5238 0.3450 0.3388 1.1237 0.6414
0.5040 0.5128 0.2140 0.2102 3.4060 1.7402
0.3110 0.3165 0.9120 0.8961 2.8096 10.9568
0.2790 0.2840 0.8310 0.8165 1.2254 3.1229
0.5550 0.5639 0.7420 0.7273 0.4817 0.4177
0.6570 0.6675 0.4690 0.4597 0.5703 0.2640
0.2760 0.2806 0.1920 0.1886 0.3977 0.3675
0.1170 0.1190 0.2840 0.2785 0.1496 0.1593
0.5450 0.5545 0.9000 0.8841 1.9702 2.3184
0.6100 0.6206 0.3530 0.3468 2.1984 1.0872
0.8020 0.8153 0.9280 0.9103 0.9440 0.6069
0.9620 0.9783 0.2830 0.2775 1.6643 0.1556
0.0520 0.0528 0.5410 0.5286 0.0422 0.1006
0.4600 0.4680 0.1950 0.1915 1.7149 0.5002
0.5530 0.5625 0.3010 0.2957 1.6878 0.7543
0.7810 0.7947 0.8250 0.8106 4.6610 4.8023
0.6730 0.6847 0.0640 0.0629 3.1443 0.2669
0.3520 0.3581 0.1930 0.1896 1.4147 1.0424
0.4660 0.4741 0.0830 0.0815 1.9246 0.4130
0.0420 0.0427 0.0900 0.0884 0.1334 0.1130
0.7880 0.8018 0.2040 0.2005 4.7698 0.9547
0.4070 0.4140 0.5320 0.5225 0.7900 1.0757
0.9350 0.9511 0.8160 0.8015 2.9967 3.3742
0.7000 0.7114 0.6820 0.6686 0.6384 0.3580
0.1970 0.2004 0.9000 0.8839 0.5049 2.4192
0.4530 0.4607 0.2540 0.2493 0.7606 0.3172
0.2040 0.2075 0.0590 0.0580 0.3558 0.1377
0.2090 0.2126 0.6070 0.5960 0.6228 1.2978
0.8700 0.8853 0.1340 0.1317 12.0365 1.2776
0.3430 0.3491 0.5360 0.5267 2.6871 4.3898
0.7950 0.8064 0.5870 0.5712 0.4253 0.0998
0.2470 0.2505 0.1970 0.1917 0.1321 0.0335
0.0400 0.0406 0.3500 0.3434 0.0244 0.2128
0.7860 0.7998 0.5130 0.5040 3.9614 2.2752
0.2430 0.2470 0.9830 0.9628 0.2430 0.3421
0.3490 0.3547 0.3780 0.3695 0.2768 0.0771
0.9820 0.9948 0.3040 0.2990 0.3565 0.5618
0.6190 0.6299 0.8390 0.8243 3.1848 6.5408
0.1600 0.1627 0.8150 0.8006 0.2589 1.8794
0.2860 0.2909 0.4320 0.4243 0.6778 1.1521
0.8840 0.8985 0.7670 0.7530 0.8336 0.8100
0.6130 0.6237 0.7300 0.7172 3.6792 3.9186
0.9590 0.9755 0.9620 0.9450 2.9758 3.2400
0.2250 0.2293 0.4970 0.4889 0.5434 1.1655
0.6530 0.6642 0.4110 0.4037 1.7004 1.2166
0.9320 0.9478 0.6350 0.6237 1.5033 1.4916
0.7930 0.8065 0.6130 0.6020 1.7763 1.3737
0.3240 0.3297 0.6310 0.6199 3.7863 7.7499
0.5450 0.5542 0.8620 0.8441 0.6306 0.2974
0.0860 0.0874 0.7660 0.7517 0.1054 0.6955
0.6260 0.6366 0.5890 0.5784 1.0504 0.9448
0.2150 0.2185 0.4450 0.4361 0.2034 0.1776
0.0700 0.0712 0.8970 0.8812 0.5751 6.7831
0.7930 0.8065 0.8900 0.8735 1.2934 0.8882
0.6800 0.6885 0.2250 0.2203 0.1496 0.0619
0.0420 0.0427 0.7150 0.7024 0.2273 3.6279
0.3850 0.3917 0.5360 0.5267 2.2399 3.9937
0.9140 0.9290 0.8720 0.8553 0.8811 0.5502
0.9150 0.9311 0.5470 0.5374 7.4454 2.8253
0.2290 0.2329 0.7900 0.7759 0.4981 1.8549
0.6060 0.6166 0.2440 0.2397 5.5485 2.1133
0.6390 0.6493 0.2040 0.2002 0.4364 0.1793
0.8680 0.8828 0.5610 0.5509 1.8480 1.2819
0.9080 0.9220 0.5470 0.5368 0.4658 0.5071
0.9470 0.9633 0.9150 0.8986 2.6279 2.0551
0.2900 0.2951 0.2590 0.2545 1.2194 0.9974
0.5800 0.5897 0.0750 0.0736 0.7151 0.0517
0.8020 0.8161 0.2600 0.2554 3.2866 0.7652
0.2140 0.2177 0.9430 0.9258 0.4468 1.2250
0.1250 0.1271 0.4480 0.4397 0.1994 0.4726
0.4550 0.4628 0.6630 0.6511 0.8235 1.2962
0.9910 1.0069 0.8640 0.8482 0.7740 1.0273
0.6890 0.7002 0.9350 0.9045 0.5650 0.0626
0.9270 0.9425 0.1940 0.1903 1.3275 0.1329
0.4270 0.4348 0.9060 0.8900 1.2938 2.1282
0.8280 0.8403 0.6770 0.6635 0.3502 0.3046
0.0760 0.0771 0.4750 0.4656 0.0321 0.2137
0.9990 0.9908 0.7670 0.7498 0.0569 0.1848
0.0080 0.0081 0.4080 0.4007 0.0333 1.0118
0.0830 0.0845 0.7250 0.7116 0.0929 0.6931
0.8290 0.8435 0.0250 0.0246 3.4337 0.0993
0.1220 0.1241 0.3940 0.3871 0.7064 2.1788
0.2750 0.2798 0.8600 0.8448 0.9188 2.6067
0.6450 0.6563 0.4810 0.4724 1.8537 1.0077
0.5890 0.5990 0.5450 0.5353 0.7374 1.2121
0.0890 0.0903 0.4970 0.4879 0.0347 0.6888
0.1350 0.1370 0.7410 0.7276 0.0513 1.1315
0.3510 0.3567 0.4310 0.4229 0.3001 0.4775
0.6700 0.6817 0.3610 0.3547 3.9295 2.1331
0.5440 0.5535 0.4430 0.4350 2.2560 0.7837
0.4590 0.4669 0.8810 0.8647 0.9419 1.1136
0.8100 0.8242 0.0580 0.0570 3.4150 0.2134
0.5570 0.5663 0.2590 0.2542 0.6846 0.2269
0.9300 0.9461 0.6990 0.6865 3.3796 1.5714
0.6750 0.6867 0.1150 0.1130 2.6170 0.5267
0.2790 0.2836 0.8040 0.7894 0.2698 1.1698
0.7950 0.8090 0.1070 0.1052 4.5148 0.5533
0.6480 0.6593 0.1890 0.1856 1.7632 0.2720
0.3820 0.3883 0.7170 0.7023 0.4236 0.2574
0.9390 0.9547 0.4360 0.4282 1.3118 0.8790
0.4860 0.4943 0.6020 0.5912 0.5745 0.7182
0.5060 0.5145 0.7940 0.7791 0.7975 0.8805
0.3190 0.3241 0.1890 0.1851 0.2322 0.0592
0.3200 0.3254 0.7060 0.6932 0.6061 1.3781
0.8320 0.8454 0.2980 0.2925 0.6839 0.2804
0.7870 0.8008 0.8510 0.8360 5.3555 4.6252
0.7430 0.7562 0.9800 0.9628 4.0486 3.6662
0.9470 0.9631 0.5210 0.5112 1.6118 0.3991
0.8430 0.8582 0.9860 0.9689 5.2325 6.1231
0.1010 0.1028 0.9250 0.9087 0.2159 2.2968
0.6270 0.6379 0.5980 0.5872 2.1111 1.4358
0.3850 0.3914 0.8220 0.8067 0.4050 0.7735
0.4110 0.4182 0.6220 0.6109 1.9995 1.9562
0.5570 0.5663 0.1050 0.1030 0.6979 0.0675
0.3830 0.3894 0.9920 0.9729 0.6162 0.8283
0.2970 0.3005 0.9790 0.9608 0.0526 0.8742
0.2540 0.2583 0.2760 0.2711 0.3863 0.7507
0.2740 0.2784 0.1610 0.1543 0.1543 0.0064
0.5700 0.5799 0.6480 0.6365 1.9346 1.7885
0.6870 0.6990 0.6780 0.6661 2.6532 3.2510
0.1530 0.1557 0.2360 0.2319 0.7263 1.5014
0.2940 0.2992 0.4810 0.4726 1.2962 3.0135
0.2110 0.2147 0.3140 0.3072 0.3351 0.0788
0.0490 0.0498 0.3020 0.2965 0.0823 0.6209
0.3080 0.3128 0.9710 0.9524 0.1454 0.6117
0.6740 0.6858 0.7060 0.6938 2.2909 3.0993
0.3430 0.3489 0.6860 0.6733 0.6839 0.7059
0.8480 0.8629 0.9010 0.8849 3.0757 1.9471
0.5290 0.5373 0.0890 0.0870 0.3513 0.0204
0.3170 0.3220 0.7900 0.7719 0.2105 0.1809
0.3860 0.3921 0.6470 0.6321 0.2563 0.1482
0.8780 0.8933 0.3800 0.3733 4.5243 1.9156
0.2490 0.2533 0.2370 0.2328 0.8825 1.1544
0.3220 0.3277 0.8900 0.8742 0.8704 2.6477
0.0430 0.0437 0.2090 0.2051 0.0251 0.1310
0.2360 0.2396 0.6630 0.6485 0.1050 0.1518
0.5830 0.5929 0.8490 0.8337 1.1217 1.7837
0.3350 0.3406 0.9390 0.9211 0.4499 0.7230
0.0390 0.0397 0.4140 0.4061 0.0708 0.2699
0.0170 0.0173 0.8260 0.8000 0.0159 0.0653
0.2050 0.2086 0.3190 0.3134 1.0455 1.7089
0.6360 0.6472 0.2280 0.2239 2.4632 0.6667
0.1130 0.1150 0.4210 0.4138 0.5670 2.1757
0.0920 0.0936 0.9800 0.9624 0.1814 1.8542
0.8990 0.9148 0.3290 0.3233 4.8330 1.6348
0.0180 0.0182 0.1530 0.1498 0.0034 0.0459
0.6010 0.6113 0.3550 0.3488 1.1317 0.8339
0.6130 0.6235 0.0160 0.0157 1.0703 0.0386
0.3940 0.3986 0.5100 0.4993 0.0749 0.1530
0.9960 1.0124 0.4660 0.4571 1.1295 0.3085
0.9240 0.9396 0.1920 0.1885 1.3176 0.2302
0.6410 0.6519 0.7420 0.7285 1.1384 1.1931
0.9650 0.9815 0.5810 0.5693 1.6029 0.2283
0.2010 0.2047 0.8120 0.7973 0.8070 1.3195
0.8790 0.8939 0.7770 0.7626 2.0718 1.0054
0.0090 0.0092 0.4540 0.4454 0.0118 0.2797
0.1060 0.1079 0.6520 0.6407 0.8564 3.5964
0.2790 0.2839 0.9720 0.9550 2.0400 7.2560
0.6740 0.6858 0.7270 0.7142 4.9970 5.2468
0.9300 0.9462 0.5950 0.5845 6.6523 3.8253
0.7040 0.7163 0.5190 0.5099 5.3659 3.7301
0.8750 0.8901 0.3930 0.3861 2.6163 1.5009
0.4430 0.4508 0.0110 0.0109 2.6939 0.0653
0.8770 0.8922 0.0930 0.0914 4.5244 0.4853
0.4320 0.4395 0.5400 0.5305 2.7436 3.1282
0.0270 0.0274 0.3610 0.3546 0.0284 0.8144
0.5580 0.5677 0.6140 0.6033 1.6271 3.3494
0.9650 0.9817 0.5700 0.5600 3.9922 3.3647
0.1620 0.1648 0.7560 0.7429 0.8683 5.2754
0.5250 0.5332 0.2610 0.2551 0.2882 0.0538
0.6910 0.7029 0.4750 0.4671 1.2576 0.9153
0.8760 0.8910 0.5610 0.5510 1.8729 0.9610
0.7350 0.7477 0.9610 0.9443 1.3598 2.4121
0.6230 0.5707 0.5050 0.4948 0.0069 0.1874
0.2970 0.3022 0.2700 0.2653 1.2406 1.3465
0.5970 0.6073 0.6460 0.6345 1.0567 1.3766
0.5360 0.5454 0.1730 0.1700 2.6334 0.6181
0.3620 0.3682 0.3950 0.3878 0.7682 0.6340
0.3210 0.3262 0.5490 0.5372 0.2459 0.1427
0.9760 0.9928 0.3420 0.3362 3.5741 2.1211
0.9460 0.9625 0.6910 0.6788 6.3751 3.6658
0.2110 0.2138 0.8240 0.8036 0.0515 0.1178
0.9230 0.9385 0.4840 0.4755 1.9577 1.3015
0.9280 0.9424 0.4580 0.4497 0.5438 0.5125
0.9010 0.9167 0.7170 0.7046 3.8283 2.7475
0.8420 0.8556 0.6700 0.6573 0.6829 0.4543
0.3330 0.3385 0.2000 0.1964 0.3996 0.3002
0.6890 0.7003 0.7870 0.7721 0.6173 0.5918
0.2720 0.2765 0.2850 0.2797 0.2388 0.2408
0.3780 0.3831 0.8500 0.8323 0.0987 0.2797
0.6520 0.6613 0.8560 0.7756 0.2543 0.0146
0.0650 0.0666 0.6140 0.6033 0.1830 0.8829
0.5260 0.5351 0.0770 0.0756 1.4965 0.2923
0.7100 0.7221 0.5770 0.5669 1.1140 0.7841
0.1740 0.1770 0.4040 0.3967 0.3038 0.7385
0.4450 0.4527 0.0140 0.0138 1.3613 0.0395
0.0100 0.0102 0.3000 0.2947 0.0354 0.6453
0.0420 0.0427 0.2900 0.2847 0.0648 0.4530
0.2590 0.2635 0.4420 0.4344 0.3038 0.8668
0.7800 0.7931 0.7900 0.7756 1.0998 0.9733
0.0440 0.0447 0.4200 0.4124 0.0655 0.6313
0.5170 0.5259 0.1300 0.1277 1.3995 0.2192
0.9930 1.0102 0.6760 0.6640 2.5967 1.5987
0.2270 0.2312 0.7280 0.7150 0.3516 0.9988
0.9190 0.9348 0.9300 0.9133 2.5401 1.6638
0.7140 0.7261 0.5650 0.5544 1.2888 0.4605
0.8070 0.8193 0.4410 0.4326 0.3744 0.2628
0.3700 0.3763 0.3270 0.3211 0.7866 0.7361
0.3730 0.3794 0.0700 0.0688 0.8482 0.1705
0.9310 0.9470 0.3950 0.3879 2.0286 0.6367
0.3880 0.3946 0.7680 0.7542 0.8520 1.3993
0.3940 0.3998 0.6770 0.6641 0.1426 0.4191
0.8000 0.8137 0.6130 0.6022 1.9624 1.7225
0.5400 0.5492 0.2560 0.2514 0.9180 0.3983
0.1850 0.1882 0.1770 0.1739 0.4336 0.3405
0.2710 0.2756 0.8240 0.8090 0.4488 1.1264
0.8520 0.8665 0.9560 0.9386 1.7892 1.3030
0.7800 0.7935 0.6250 0.6140 3.5646 2.7269
0.3860 0.3926 0.0900 0.0884 0.9994 0.1652
0.6640 0.6724 0.4690 0.4586 0.1507 0.1008
0.8790 0.8925 0.3900 0.3813 0.7577 0.1115
0.7920 0.8042 0.6520 0.6375 0.6827 0.1865
0.2830 0.2880 0.9020 0.8863 0.7488 2.9595
0.7010 0.7123 0.4830 0.4741 0.5741 0.5047
0.5490 0.5583 0.8530 0.8377 1.0069 1.8365
0.2770 0.2818 0.6750 0.6631 1.2559 3.6855
0.3180 0.3236 0.6490 0.6375 1.1957 1.9970
0.6810 0.6918 0.6670 0.6545 0.4127 0.5409
0.1180 0.1199 0.1820 0.1786 0.1047 0.1467
0.2180 0.2218 0.6460 0.6346 0.6998 2.6887
0.1890 0.1924 0.8480 0.8332 0.9849 2.8196
0.6030 0.6129 0.6830 0.6702 0.5349 0.5505
0.6140 0.6251 0.3150 0.3103 1.3821 0.5827
0.7700 0.7827 0.2610 0.2559 0.8208 0.1214
0.0410 0.0417 0.6190 0.6078 0.1093 0.9570
0.1460 0.1485 0.6260 0.6150 0.2536 1.6771
0.3350 0.3403 0.6430 0.6306 0.1997 0.3877
0.7810 0.7943 0.0930 0.0913 1.6128 0.1502
0.2300 0.2336 0.2970 0.2913 0.1371 0.1791
0.6800 0.6912 0.4260 0.4184 0.7235 0.7774
0.5440 0.5529 0.2450 0.2406 0.6501 0.6924
0.7660 0.7782 0.3190 0.3131 0.5699 0.3908
0.6070 0.6107 0.5420 0.5319 0.0583 0.4927
0.1620 0.1630 0.3610 0.3543 0.0156 0.3281
0.7470 0.7573 0.8520 0.8354 0.2883 0.5691
0.6590 0.6681 0.3010 0.2951 0.2544 0.2011
0.9250 0.9406 0.9690 0.9507 1.3542 0.7490
0.1660 0.1689 0.0700 0.0688 0.3406 0.1263
0.3750 0.3817 0.4590 0.4511 2.1109 2.7558
0.1880 0.1803 0.3020 0.2965 0.0032 0.2854
0.7260 0.7381 0.5840 0.5734 0.8995 0.8959
0.3040 0.3092 0.6350 0.6236 0.6098 1.1189
0.5800 0.5901 0.1500 0.1473 1.9384 0.4296
0.2540 0.2584 0.5600 0.5502 0.9007 2.3492
0.7590 0.7718 0.6350 0.6235 1.2205 0.7830
0.6110 0.6216 0.2440 0.2397 2.2931 0.9960
0.2290 0.2308 0.4580 0.4494 0.0247 0.3632
0.7120 0.7242 0.8630 0.8468 2.0292 0.9165
0.0930 0.0946 0.6820 0.6690 0.2015 0.4719
0.2070 0.2105 0.6960 0.6835 0.5541 1.6412
0.2850 0.2900 0.8510 0.8354 0.7860 1.5284
0.7520 0.7650 0.5330 0.5232 1.4296 0.6279
0.7290 0.7419 0.1680 0.1650 1.9049 0.2043
0.2880 0.2926 0.3330 0.3267 0.1714 0.2418
0.0840 0.0855 0.5450 0.5354 0.2843 1.9500
0.8460 0.8603 0.8660 0.8502 1.3604 1.1708
0.0590 0.0600 0.5070 0.4977 0.0749 0.6931
0.5850 0.5953 0.1890 0.1857 3.8025 1.1572
0.5900 0.6003 0.3770 0.3703 2.2526 1.0937
0.2110 0.2140 0.1270 0.1239 0.0622 0.0188
0.9350 0.9511 0.1530 0.1502 1.4745 0.1556
0.7400 0.7522 0.3280 0.3220 0.8266 0.3943
0.2690 0.2733 0.6820 0.6692 0.2058 0.6309
0.1470 0.1497 0.4930 0.4844 0.7165 1.3183
0.2400 0.2441 0.6210 0.6096 0.4934 0.8501
0.2460 0.2503 0.1450 0.1424 0.8145 0.3231
0.9470 0.9629 0.5940 0.5836 2.2179 2.5857
0.0840 0.0855 0.1880 0.1848 0.4328 1.5865
0.0600 0.0601 0.0640 0.0620 0.0040 0.0044
0.5230 0.5319 0.1610 0.1581 1.0826 0.4975
0.2670 0.2704 0.4390 0.4306 0.0638 0.2840
0.1710 0.1742 0.4080 0.4010 0.6686 1.4304
0.8830 0.8981 0.8350 0.8197 1.8040 1.4111
0.7530 0.7658 0.0950 0.0933 1.0331 0.1378
0.9180 0.9330 0.7520 0.7320 0.8776 0.0842
0.4830 0.4912 0.3560 0.3495 1.0042 0.4649
0.5530 0.5623 0.2710 0.2657 0.8914 0.1347
0.0560 0.0569 0.2190 0.2008 0.0434 0.0031
0.5040 0.5125 0.3670 0.3599 0.6930 0.1886
0.3030 0.3082 0.5130 0.5038 0.4548 1.0429
0.4830 0.4908 0.4100 0.4021 0.4130 0.3391
0.9170 0.9327 0.5870 0.5764 1.6965 1.1200
0.3340 0.3397 0.0070 0.0069 0.7285 0.0171
0.8410 0.8544 0.6400 0.6279 0.6308 0.5722
0.6610 0.6715 0.7020 0.6888 0.5704 0.7448
0.2520 0.2562 0.5210 0.5118 0.2460 1.4348
0.4700 0.4781 0.8360 0.8210 0.8690 1.8417
0.1140 0.1159 0.8780 0.8617 0.1466 1.0861
0.5010 0.5097 0.3880 0.3811 1.6543 1.2234
0.9460 0.9616 0.2210 0.2169 1.2166 0.2734
0.1410 0.1433 0.3890 0.3761 0.0973 0.0272
0.4300 0.4367 0.0550 0.0540 0.2821 0.0543
0.9350 0.9503 0.6360 0.6239 0.8125 0.3911
0.7130 0.7252 0.0020 0.0020 1.2870 0.0016
0.9050 0.9202 0.5550 0.5450 2.0019 0.9418
0.8290 0.8422 0.9330 0.9010 0.5596 0.0560
0.6910 0.7025 0.5690 0.5589 0.7712 1.2592
0.1910 0.1943 0.3360 0.3301 0.8660 1.5107
0.6680 0.6790 0.7690 0.7550 0.6433 1.0966
0.2670 0.2716 0.0560 0.0550 0.4702 0.0986
0.5830 0.5931 0.9470 0.9303 2.0306 3.5484
0.6710 0.6827 0.0020 0.0020 2.2351 0.0057
0.2870 0.2891 0.1850 0.1805 0.0324 0.0309
0.3770 0.3833 0.2620 0.2574 0.4965 0.5788
0.9550 0.9619 0.9840 0.9603 0.1079 0.1643
0.3470 0.3530 0.6090 0.5982 1.0903 2.1668
0.9580 0.9737 0.6480 0.6348 0.8248 0.2255
0.8390 0.8536 0.7590 0.7454 2.5212 1.4353
0.1540 0.1561 0.5210 0.5112 0.0394 0.3751
0.5010 0.5092 0.5400 0.5302 0.4559 0.7744
0.9360 0.9493 0.0010 0.0010 0.5448 0.0010
0.2330 0.2369 0.8320 0.8160 0.1813 0.5075
0.4300 0.4376 0.2100 0.2063 1.5828 0.5861
0.4740 0.4818 0.8290 0.8139 0.4503 1.1623
0.0030 0.0031 0.4680 0.4292 0.0013 0.0103
0.3930 0.4001 0.2990 0.2937 1.0548 0.6940
0.3320 0.3376 0.1500 0.1473 0.5375 0.3666
0.2920 0.2941 0.7480 0.7333 0.0298 0.3508
0.7210 0.6534 0.8260 0.8110 0.0130 0.8177
0.6390 0.6464 0.1610 0.1577 0.1227 0.0515
0.6740 0.6851 0.0510 0.0501 0.7138 0.1060
0.6810 0.6918 0.5230 0.5132 0.4120 0.4158
0.4330 0.4404 0.3770 0.3701 0.7448 0.4162
0.9790 0.9955 0.7970 0.7826 1.3412 1.2393
0.3190 0.3245 0.2590 0.2543 0.6138 0.4670
0.3060 0.3112 0.8990 0.8819 0.5291 0.6077
0.3100 0.3161 0.4010 0.3898 0.2505 0.0453
0.5190 0.5275 0.9260 0.9095 0.5522 1.7159
0.9600 0.9762 0.5090 0.5000 1.9968 1.7245
0.9920 1.0091 0.3270 0.3214 5.6207 2.2847
0.2890 0.2940 0.0590 0.0580 0.6462 0.1348
0.8800 0.8952 0.7130 0.7008 4.2926 5.0145
0.8420 0.8563 0.4940 0.4853 2.2734 1.4207
0.6080 0.6180 0.1580 0.1549 0.5995 0.0765
0.1940 0.1972 0.7160 0.6977 0.1816 0.1489
0.5500 0.5598 0.7040 0.6918 1.2765 1.3334
0.1680 0.1707 0.3710 0.3641 0.1001 0.3480
0.2130 0.2160 0.5070 0.4976 0.0752 0.5379
0.6830 0.6892 0.7550 0.7385 0.1018 0.2061
0.8170 0.8298 0.8550 0.8384 0.5400 0.5156
0.1540 0.1567 0.1630 0.1602 0.6950 0.9888
0.8440 0.8579 0.5590 0.5489 0.9546 0.5981
0.0310 0.0322 0.0030 0.0030 0.0536 0.0053
0.3100 0.3148 0.9370 0.9182 0.2065 0.4469
0.8640 0.8774 0.8480 0.8310 0.5754 0.4045
0.9340 0.9485 0.0150 0.0147 0.6220 0.0072
0.5680 0.5772 0.0760 0.0746 0.5379 0.1382
0.1750 0.1778 0.7120 0.6979 0.0999 0.2948
0.4890 0.4973 0.7130 0.7001 0.5985 0.6937
0.0980 0.1003 0.3050 0.3003 0.1855 0.6127
0.9170 0.9317 0.3780 0.3713 0.8088 0.3387
0.3320 0.3372 0.7340 0.7215 0.1746 1.0871
0.6720 0.6828 0.7130 0.7003 0.4717 1.1151
0.3260 0.3290 0.6540 0.6373 0.0466 0.1033
0.5480 0.5380 0.4470 0.4379 0.0170 0.1556
0.3920 0.3986 0.1010 0.0991 0.3767 0.0537
0.1580 0.1601 0.2300 0.2257 0.0384 0.1739
0.0540 0.0549 0.6610 0.6493 0.0638 1.0768
0.9910 1.0072 0.5600 0.5271 0.8939 0.0426
0.3790 0.3854 0.8710 0.8553 0.3953 1.1706
0.0720 0.0733 0.5910 0.5806 0.3406 2.8179
0.6030 0.6131 0.7700 0.7549 0.5168 0.4759
0.7750 0.7880 0.1420 0.1392 1.0269 0.0618
0.3450 0.3503 0.1430 0.1401 0.1849 0.0490
0.5430 0.5519 0.7040 0.6905 0.4556 0.4358
0.4560 0.4638 0.5610 0.5512 0.3498 0.4959
0.9980 1.0122 0.6910 0.6749 0.4960 0.1555
0.4360 0.4435 0.4860 0.4777 1.5556 2.8761
0.5800 0.5896 0.9640 0.9444 0.5255 0.4116
0.3060 0.3083 0.0450 0.0442 0.0327 0.0358
0.8170 0.8306 0.9010 0.8840 0.8007 0.6694
0.0300 0.0305 0.9520 0.9339 0.0296 0.8025
0.6540 0.6648 0.6810 0.6680 0.6448 0.5741
0.1350 0.1372 0.0840 0.0824 0.1331 0.0708
0.5460 0.5556 0.9840 0.9666 1.6309 3.1340
0.2270 0.2311 0.0540 0.0530 0.2994 0.0655
0.9380 0.9518 0.2770 0.2697 0.3949 0.0313
0.3980 0.4038 0.2310 0.2267 0.1413 0.1388
0.8930 0.9071 0.1950 0.1898 0.5822 0.0207
0.7840 0.7218 0.5440 0.5333 0.0086 0.2410
0.8290 0.8411 0.3460 0.3396 0.3938 0.2391
0.6390 0.6491 0.9510 0.9140 0.3923 0.0618
0.2540 0.2582 0.5070 0.4978 0.1717 0.5035
0.1050 0.1067 0.4650 0.4545 0.0764 0.1056
0.9150 0.9258 0.8690 0.8520 0.2882 0.5336
0.1110 0.1130 0.0270 0.0265 0.0846 0.0139
0.0680 0.0691 0.1020 0.0999 0.0381 0.0259
0.0920 0.0931 0.8120 0.7973 0.0141 0.7592
0.4490 0.4559 0.2600 0.2536 0.2214 0.0382
0.9450 0.9588 0.5560 0.5426 0.3856 0.0951
0.2560 0.2601 0.1470 0.1440 0.1334 0.0370
0.0130 0.0132 0.7620 0.7464 0.0039 0.2995
0.5840 0.5933 0.6730 0.6599 0.4111 0.3701
0.1790 0.1332 0.7410 0.6914 0.0005 0.0230
0.8680 0.8785 0.7220 0.6984 0.2647 0.0708
0.0530 0.0562 0.4610 0.4530 0.0297 0.4569
